-46691 -95471 -17627 -63194 689 13507 -87727 37719 -93057 -83844
71959 14558 -3999 -50179 39006 76316 -8191 -55363 -95647 15463
-13853 10561 -53382 16349 68154 -59689 -83875 -97552 66271 46401
-47892 29776 -62061 30300 -55708 41813 83161 -32078 93983 -84466
55140 88006 -69996 -51347 -5504 -81419 91226 -35068 23181 -18378
191 47435 -34 -72916 -78772 -51153 61515 14941 21666 -26501
51321 -22553 -63787 -22514 73390 -76261 -27760 -8720 -1637 85032
87671 33503 -3171 41028 -76629 -44988 77925 16825 78357 29242
-29139 94439 78882 87711 -97143 -55747 -88644 88905 99024 -50967
-35726 -95783 -41943 -33191 -44219 6409 42179 58815 -88828 54061
60576 94774 98598 79718 -77332 40237 31424 -90033 90835 -70689
2137 -27558 71841 30956 -74595 -22267 -48031 -71776 -63187 -96533
2983 -52851 19030 53309 -35655 -4356 -91428 -84590 41677 2656
74034 -97175 -47715 -16058 50627 22677 95638 -96772 66024 91371
-69993 -53861 98976 89899 96033 -20830 74863 36291 -56160 27102
21268 -58462 92338 -30345 81890 10791 77728 -68206 -81481 53438
32748 21991 18525 73628 79056 -41120 -30764 27100 -87818 -80876
60786 -49332 -88162 37948 35458 97469 19907 -1341 14240 -55903
-5713 58643 258 -24994 68813 76670 83941 -4947 -72195 29990
-43765 -27163 38376 -60397 -26146 75479 -25576 58178 14522 19749
13337 17524 -89665 -65037 -10272 -18895 -46150 9819 -49880 -97982
34159 78354 -31716 -52055 -20808 -10536 -46961 22005 55661 99932
8620 82039 -90480 -67323 92301 40765 -82504 -50083 -45225 15367
-35792 -94750 45864 -12559 59567 -40908 21459 -67093 -32386 68748
97153 -13688 -69362 97327 -40153 15145 41362 25026 70691 97116
41178 -8218 -28962 17024 -96127 52065 37650 29695 -98047 80577
24224 -28387 -53344 31912 73383 -53744 42904 -72306 86578 56773
-93090 -78496 -1060 14520 -43150 -25089 21915 -86887 5948 67151
88619 25042 62525 56543 -34865 -48501 72994 -86529 -24428 35991
31507 52759 29505 38414 23869 -92450 37507 58656 73555 -92722
53782 -2560 -85892 49109 -5499 46975 24879 85207 -53766 15150
36029 -12537 -99020 -95643 -66103 -3187 32575 89683 -20704 16047
-36130 71086 88985 -36998 64849 -89703 24501 -34700 68971 -94414
82768 -51702 -1701 6158 89291 44675 -52422 -77183 -42520 -62915
93242 52679 96587 -65431 -34628 3109 -74087 78917 -51005 73656
84413 78947 -34369 -65313 12508 -21347 -73132 -72493 26865 -20555
48770 -96814 9095 -42782 69270 -84115 -14234 -58274 20265 -8568
-10166 -41241 71946 2946 62518 -25120 88968 2770 79871 29978
-83613 -16446 69703 -5353 47863 -28779 22257 -52565 19438 -11288
91943 -68768 19287 -28256 -62355 18588 7136 -33515 -44426 -7480
96642 93902 -78692 -67644 69812 26709 76640 -16565 64645 92181
-27994 -15013 -94515 -12236 6761 32264 30127 76283 -2774 57022
-91417 -86313 46388 -75306 45427 54640 89343 -32890 -88984 79917
-55009 96367 56407 -5554 -82786 78486 32640 55939 -42303 -15284
-42879 -88507 -72253 83875 48139 43121 -22074 90881 -16833 -46919
-98019 -55396 -72647 56020 -84461 -47532 -74248 87285 60189 9707
56091 -14561 -59958 77949 98508 61869 -39439 -9185 94456 31511
58370 -56529 39084 -53882 85979 -81419 79709 45101 -53215 2862
-22455 18878 63417 56461 30716 -34200 6422 -88382 -46388 16075
-89487 -2398 -39009 -5204 62007 15644 -85219 1005 -46180 20629
57385 -9097 -26715 5534 -22671 -29330 -86707 30121 31437 28018
78687 87175 82273 -38560 97518 57532 -99571 -97686 40764 69454
-71721 67331 -95764 -51625 -94830 27420 -87072 19841 -86426 34165
70678 -88587 -78459 5887 97020 -11355 68888 -57087 -31746 55663
-27162 15219 -88756 -47287 13449 -54518 86114 90987 99933 -3255
-62005 -20649 16077 66245 98127 18048 96297 85620 -28883 61264
93388 -67422 -42204 83413 64909 -29771 32112 -76728 -72839 -52296
-84351 -74405 4078 -80722 -25156 -48389 32884 69111 3637 87794
79224 64865 48261 46573 61519 5826 -18941 -76859 87632 -20215
36663 49291 -33495 97839 -13434 -31788 73222 37380 47065 43429
18054 -9059 -9249 -89407 98359 92195 63158 82570 96739 70272
-6121 -73709 29747 69730 35428 -55910 -51565 65847 -36731 12755
45415 -96427 -73055 -39723 -67376 93356 -45128 -6703 19851 -91824
-15640 27496 46109 43507 -86424 -81305 -5698 -74416 -46356 -55824
54158 83194 96754 41758 -10731 34377 10091 78400 11110 81786
-84387 -9367 66242 59107 22130 15868 -97510 25792 38845 16631
-4315 -31473 18460 89043 -9364 -64787 53136 42369 -61673 -99122
-21940 -61780 95896 44837 25051 85985 -3230 4516 -87415 -94654
95413 63775 -41171 87235 -55546 -67827 60691 -88671 -28470 -23489
-5378 11225 89012 77120 63820 -82355 -8155 98747 41705 -44416
77040 89516 42969 -76983 52959 -48668 -8807 36843 97319 61231
-54014 95943 69932 -34454 -97212 81806 -10483 17416 -15091 93858
-56516 83026 10102 -298 15405 3108 32892 69708 86983 -36381
39071 -39120 99613 -96857 -99753 -83270 -54768 -35567 -16004 -42147
-3038 -16331 59126 -47808 -12896 -96630 -64242 -25549 93405 -6471
36381 90909 -95960 70441 6708 38876 -2397 -86193 -55863 9285
-3536 104 46793 86441 -69834 93804 67590 50685 -19887 -32045
95427 7761 -32399 -38260 79594 72903 94350 25012 -36342 -91803
47982 -51543 -98469 88514 44465 32897 -8860 54315 95393 -87606
80028 -1102 -40000 13187 72463 33159 70154 4138 -975 -27302
1144 -25772 97360 -99897 1879 -41189 96751 69514 95211 28668
-684 -58929 -87614 54584 -92885 -40400 -64764 65019 57134 -75085
-14505 25598 -4938 40358 22738 86513 -56036 -28288 -9254 67576
-94586 -99611 -13351 -19466 68334 12776 18065 -75601 94731 -68086
60472 -68087 1729 68167 30413 93934 65728 -57688 49679 -56640
37224 17470 -8557 41399 -26234 65584 -28609 -23674 -26280 -10372
-24793 -41466 24964 -75494 -1640 75558 70314 -52387 -85070 56868
35455 44261 -10697 90649 -34679 93717 97896 33365 -28684 -31669
-62406 57848 4493 -28759 -36530 -3277 -61297 -22572 -79632 -44581
72965 -11642 11286 -7390 -56265 -37756 -19944 -4171 75444 -60054
76636 -83872 -8366 50802 20390 68046 59195 -46839 80092 49764
-55320 41196 48894 -6773 24338 -67472 8387 -84868 8485 -59510
-52089 -92923 -84007 30349 -66407 -23222 -33854 -39434 6192 -67830
-57190 -81815 -72384 -13676 -70221 -28305 93065 -46509 16400 85215
-20938 5240 28984 64623 7233 -39494 -43780 39238 69471 -5472
-94225 -78060 -17773 69025 -45583 -63893 15985 -90417 -64514 -50478
-19469 -13860 45191 13379 -62540 88533 -56793 -31172 58439 -68469
-26818 53947 51055 -27675 35266 -79173 -66355 78406 -94571 -44542
-43658 44842 15296 82338 -62382 27367 81430 -68723 13950 -68661
-95584 -54429 -15218 76478 -54175 -81206 75792 43464 -64948 -38358
