-144012 47119 27940 94602 122157 116663 94728 78082 79514 -54488
-54014 122147 52457 70696 155796 193389 70196 173716 -22398 29752
31371 74272 119282 169750 -175004 -89808 -82302 16353 83211 112348
168128 132066 -170743 -88118 158082 46445 -15573 58077 61682 -45419
-89309 -21290 169911 -5143 -108959 180772 63666 -83487 87520 67905
180709 82374 67275 -58017 84246 -100695 49860 159718 109991 -71236
4440 -168757 -49762 -97929 13379 76092 -72425 -150225 119145 -106946
-182462 -48214 184318 153854 98637 124667 119888 -103330 -160184 -15204
174926 173977 79568 60831 -168904 -199763 -92448 -23804 -191632 48489
128703 -17924 -36325 60858 -28526 -106344 52176 -133412 195979 167129
21126 -157855 -35548 -47759 119305 -198480 155583 64919 -169702 70817
35918 146795 75846 79785 145664 13200 85841 -6092 -87122 138457
-5523 114240 -120846 187096 197409 -11852 -98434 -128145 -7303 2651
-110227 4098 -171307 -126919 143814 199564 -5087 93263 177283 112106
-182666 79480 42199 90365 157445 18951 -183963 -12940 -135222 -75380
-131981 -102113 195508 -98489 -9095 -133271 85151 145978 -133825 -133810
-48771 127652 -175377 -152781 2192 144915 -128984 -51163 41774 198264
60646 -131231 -116668 91908 147201 -81956 -73362 52503 165546 17381
199959 144891 -130347 40449 33156 168278 115030 -131131 -97053 -67732
156666 -103934 -120686 40685 -172354 101867 -97492 -47836 -129785 -183004
-167096 -60040 110226 106379 -158575 -160525 97547 -77549 -153899 150514
-120868 -185585 -49270 152271 128108 -173349 -195489 -7396 121378 79290
-123108 29129 -160134 196160 -170233 -171787 -40323 30144 69579 -31051
-90900 -166777 174717 152695 -114516 -71766 -180949 -115182 157712 61671
50288 -26254 124090 151586 132250 -116514 52126 -108055 23068 -20728
195841 -165461 136647 122008 -132166 -58187 -77312 95708 -162466 -11229
-199087 193132 -66342 -10665 -101955 -61647 -51944 32350 -138526 190977
-130217 -65353 -38550 -44712 -77673 -46617 -55992 108573 -166370 47112
-140252 -33572 -162384 34819 -31043 -81174 -112373 74419 11480 -100713
56283 166976 30106 -9536 102938 90177 -50851 23004 109019 74346
35295 -9461 113224 56572 5646 82200 22635 -116751 98332 125029
132488 -21344 83907 32224 156474 156890 -28839 -130880 -48938 -173182
-151136 -22640 111505 -175611 -94649 -161280 123818 104008 -19261 -186459
176155 130341 -168029 154776 64649 34278 -171238 -22851 72950 31472
-151088 -48058 -138721 49192 104360 1456 -129976 166953 -95288 -16819
-75515 148682 152894 82264 21559 -171071 -132039 -28161 -114227 -187102
-157014 154321 1216 -140160 71332 62785 -142421 41628 -187475 -119946
-107378 103074 119312 -175860 70061 197840 -89609 -147797 -199020 133539
-151307 -48802 198537 31911 172973 11909 49852 94695 30881 -75930
195633 163113 -25461 183809 27192 168627 105090 170631 142212 -5094
-109481 129723 44680 105705 -68515 186326 -68867 140612 112768 -177527
-125575 -59593 -146672 162398 97915 136021 155871 -58588 127101 -80142
-142798 174107 12357 -84491 -106458 -108786 -64423 171655 -79637 -119513
145188 28207 64200 -54503 108095 -62471 134291 187220 23803 70804
84763 -183161 -184924 -100573 93504 24184 -8857 113535 -88265 54746
173600 24551 -61319 -110767 181794 -4078 -11353 -26868 193631 -144064
-56817 -90228 -170643 -131171 -181086 -91113 -149950 -124880 32013 -126298
119154 -140611 -196836 113081 -55446 -136523 -77719 -18721 -99664 35372
-119889 -123626 121484 -111240 -125747 -30542 71451 -54443 -189967 190188
101647 43433 142019 -39703 153538 -87338 39909 145219 98201 -38651
112866 84952 -135194 -44597 189291 168827 78644 39328 -175589 34863
-189038 -83759 -104046 102891 36997 -9787 -151452 191665 -94744 71380
60416 -176327 -59779 53951 31285 87399 -167707 -421 -171646 -194731
112946 -106725 77524 46585 -30313 -13661 -49986 -71808 124564 -99461
-130147 -38283 81614 140028 55650 134667 -57243 142273 -89593 53741
-1675 96509 -113929 -167811 17509 -131976 -25138 169087 195684 -111171
-182649 -153089 -140312 -189964 167625 -135199 -111206 -141462 118766 28423
-21769 344 -132712 33363 -46230 -14809 83024 107487 140021 -68173
151397 118730 91729 -89396 -132155 -91715 -183497 -10190 189609 -124820
149047 -165575 -12045 -83251 -18896 -19258 194291 -79482 7961 157577
-103440 106534 -78478 -115455 17633 -164797 161562 -149855 -4637 -175812
30951 57177 184326 -141038 -12743 20257 -87829 35100 42287 -190022
-151116 -63552 32753 60533 -14814 131765 -130593 192359 -133353 -36484
-71375 -151339 193005 5949 -80453 104404 67561 -14340 41540 -21342
69424 186305 -159122 165932 -78239 200 -117816 99384 42086 143006
-30690 68603 -113948 -86246 -18028 -63132 -65954 160956 -161385 37609
20330 -93423 52590 77014 67319 -116854 -182091 -70472 163013 -44679
-57562 85238 107459 -74292 40571 -7106 54539 165782 4034 39615
88245 -133756 88645 -181949 -101992 67192 -13557 54081 155537 6975
196812 102853 -53991 -80374 66793 68269 69349 14290 39971 -39232
-197285 -13927 134941 -119475 3221 36242 68499 197957 -169711 -179246
-54650 -99316 -120062 -434 55261 -114125 -51312 125230 50238 -851
182670 87772 18421 55984 17899 -176129 -71929 -71141 80581 -98118
-15877 43101 91692 -89751 -178552 96683 7986 -94627 -46899 103987
131943 116021 98453 -39180 -63895 54879 -64715 37703 72588 153850
51525 -169232 -123511 -181766 16461 34319 22278 185943 147924 -53592
55162 -118607 121044 78527 94788 69765 -154160 12786 -103434 -54180
35046 -65277 -143748 -167522 -9786 67139 -143649 -82118 -46731 -159873
-121725 -74314 102337 54741 -157921 -108172 -85182 132488 -14000 -87960
177284 -9880 60910 27910 190974 138954 90176 -64738 -96757 -119785
-166672 -72795 -10497 -47339 -7696 -174843 -83183 -113968 11963 4706
-60547 23598 -148092 -10829 -191662 99372 -55412 -137763 -79490 -9674
-94986 -57937 91277 -188828 20334 -37229 -99027 -120903 122877 25246
-150203 -151957 138202 -192313 -51595 96945 -199964 -32636 -121476 53559
136924 -81442 77034 -54688 -39251 37670 28585 90854 -74762 -174993
-104047 80761 -27123 -156241 -26007 -156898 -48354 -39790 122190 49358
-141725 -74771 -87580 188431 -47294 -134395 122716 121262 -111245 194824
-185559 -174165 18929 6361 149431 -47897 -43317 178627 -64703 -71341
117343 199181 -168777 -102292 109272 106862 -196753 102203 -90221 153997
187130 108726 135632 6869 198572 22011 5955 131118 124693 -168273
195648 49814 -62715 29425 -109597 -184610 87549 -156664 179729 -97300
173617 60932 -137676 8944 16326 -156042 -11480 137232 -164652 -12092
27402 -155923 86914 -62339 -178395 47112 -93976 143287 -119322 -82153
-9844 -175222 64300 -74687 -31853 111732 119514 -150080 -182956 -166208
61559 -47093 121383 -40122 25724 65261 113463 19068 -31902 -49002
-110139 183189 -144065 103212 -31449 50990 -36240 -52669 -167381 -53985
179238 -145487 100751 -74936 23210 9134 71260 91391 -198811 -172141
5594 16562 -70987 -106237 48889 -102845 13226 -152477 -70709 -92748
117158 -31303 -65621 -145061 -193434 83619 132201 -89208 44088 152469
186044 48601 -10360 16581 6217 123338 64307 128073 -111235 -191346
-151872 -162603 110156 -74061 107612 180421 178652 19264 86664 85177
-112804 165273 145034 109413 -30719 -45631 -108734 -176385 -71561 -60706
-67478 170176 93588 -180511 51553 157898 146651 14345 21464 92040
75474 -124214 181826 -6363 124240 -199694 125079 -72185 -154821 -77061
180045 -160620 -448 110332 -170234 184923 12503 -182606 163801 -45744
-44476 31759 -59549 -10047 11916 -197450 22323 42334 74771 -65285
49015 138210 -66363 -72549 -176420 195245 25170 -54974 14850 -20201
-45269 -69462 15557 84627 139992 107959 -53388 -6170 184302 -134973
60757 -94026 -43338 169374 174237 2291 -163172 -157523 -157011 -124575
-21811 -199150 270 -124846 -52293 171109 -114489 -18917 121350 195336
119589 78285 -54913 65435 119593 190402 15668 59903 96563 -84288
92020 3769 -157456 -184777 17271 -67853 -11272 -182188 -86975 110172
4297 36010 -98332 46820 106031 126987 19110 -162602 -138422 86855
-100470 -120764 194709 132390 45316 -72594 138759 102811 39522 -7975
-165141 5256 -85147 125997 134421 131116 -137750 111792 -59223 -13591
143880 -171864 -87282 107873 -130608 -137751 153107 77504 -198999 130533
18591 101744 172074 -119622 -188118 -12431 35534 -131972 55895 -173773
-97451 -57813 -100492 -13600 -11387 -89642 -32494 122068 -146758 24623
-157244 -183613 1198 95864 -43535 11386 107233 -69791 -37171 114325
-66959 78691 -112769 -174943 124221 959 62558 94763 106676 -133940
-93911 -195071 46061 -51859 -60205 146477 90496 -77841 119794 82435
85901 124441 116072 93606 -165015 15232 71504 35146 165012 65106
-30430 -26972 176155 84405 53061 -77142 61355 24610 161479 -120467
-179740 102840 -7311 -195256 33958 135423 -55195 -69649 23848 13755
157172 39154 -12844 -84570 44681 -99384 -116788 115886 7573 167618
138770 150576 -100747 181300 47299 -25049 47546 -115382 -143733 79287
150196 -188794 -31848 37675 3325 -105316 -175014 105241 171933 -165437
-97071 -175058 -25564 158385 12478 -34957 128607 -64196 181579 -119361
94195 -71226 -6970 -22626 -52127 3070 -45773 -47257 -60936 79849
-103577 -99837 100583 -27988 132330 -16772 -174079 -71407 -54991 22366
-24597 -198534 137678 183349 -163697 52154 -156855 16894 137453 -67469
173286 170856 106698 -98264 183063 -18740 60012 -117351 30256 45720
23929 -85253 131231 192516 -181647 -73772 -55346 -19086 64711 -73221
159274 -196975 -65221 113368 -81519 -195177 118432 184988 -116492 3649
63922 178271 18794 151846 -167774 164414 -22846 80899 107351 -11121
-130967 57739 -182604 88830 19301 94623 -153425 -110686 46627 -23715
-143747 157664 -155327 2789 83490 -13326 -199064 93828 -51566 180558
58256 -40083 -22672 -66244 5591 -81747 135758 21147 -121131 -184259
167187 59263 -40702 18964 -55313 151586 175718 -59352 169189 -2943
-50835 94424 -14551 119417 62009 4463 -162667 -133975 -9383 43826
-53109 28324 -90318 35138 -22887 -47884 57959 19448 126120 -165653
149319 183919 100952 144114 19651 -63743 132000 159104 119300 123532
-185481 74712 -7641 -184663 101557 21599 128268 -94021 23000 -181561
-72158 37678 -131628 190168 -5050 -193520 -153634 -101986 146739 -115084
22006 156134 -170574 -19862 32724 -149308 -166683 43571 97526 30721
119871 57887 158795 -93859 -194760 49338 34206 -33198 -111125 108287
-193414 27451 -27564 148024 -57553 -192959 183359 91721 5333 -133204
-902 -50348 117986 159982 -137812 -166437 127746 87342 182913 -47665
142467 -194340 -54478 42883 -70341 2954 65550 112447 9417 32291
89968 -196757 122110 187256 -11502 137682 -85298 -194401 53606 62145
164935 3621 108292 -120453 -149469 172355 -85053 -54286 70939 107641
-114786 -98148 -157950 -328 109876 25142 -90308 73648 -40497 1774
165610 51641 50658 -38500 25 196846 29167 -39964 187758 104848
191060 55434 80287 -177389 43433 96778 164021 -95648 101653 -71648
-154580 -145467 125914 109683 36542 61677 19358 61626 139920 -7248
-58449 -29086 169629 -103616 -164702 20401 195739 154153 -78611 -40577
-137719 122781 -14984 88553 4208 25986 59256 -194797 -23237 -16655
5126 -58627 -188984 4475 94399 -177958 122265 130402 -179544 82527
23334 69965 194151 -194664 132749 -142359 125748 -128133 118128 50190
150678 -28470 78006 183019 -74028 70645 40741 23207 5881 -84249
-52993 -15382 199330 -69303 82780 111569 -81494 64185 -157385 91023
-53010 154162 128405 -180707 -12470 197772 26701 -72228 193638 -49708
58051 -36811 45886 123780 -145258 -178545 2887 115922 -1336 -49884
-61417 71808 -61037 163014 -128369 166161 9507 51714 99292 90798
-20926 -68193 -32624 41859 92602 28198 -60549 -176388 -324 -17991
-27364 -179575 -83132 -47254 63967 135723 33398 192890 -199550 156551
145011 -11926 27556 174611 188815 84566 145067 -120596 152248 -33263
-154201 -63605 -57772 -199247 -68109 72849 -174098 126731 -25021 116289
-7647 60101 -169284 65270 34951 53957 174743 -80570 116991 177677
-103658 55551 58585 183109 167675 8640 170734 158149 -99390 1765
-37170 -91462 -90180 -134300 -137220 162227 -180060 99158 14311 56675
186243 142676 -146096 -52047 42418 -126027 120208 -28438 -54332 -120122
11665 188361 158509 -180323 -16527 -34953 88267 167006 -37099 67108
99436 2167 -37634 -16770 -79337 -75957 -17430 53611 -112679 160497
-76624 -159311 192209 -21530 -41983 59267 -38882 -70291 -123411 74081
-73403 115347 -132292 76318 142418 -87683 -117437 166661 -37125 -123159
113514 100912 -194814 25013 19775 195280 -180080 -12251 145586 -158063
-86508 47151 101705 51442 198437 183588 -81092 17184 91291 197578
132608 87963 -65452 117807 20564 -61603 -11668 66378 191057 -57194
-80978 124694 6810 186782 -93763 -71926 130294 -8350 196228 -85470
188983 80530 148833 162871 -15524 -19239 156854 177554 -192663 135920
-139222 -187505 69857 -108282 -161531 173306 -168149 -176440 -181432 197178
-130008 189561 47976 81914 -70923 -178658 137963 20377 93998 -94065
-79963 193873 34095 65651 -38084 87767 -3042 -91234 -174485 -85108
-133375 -197588 -106947 -132924 151520 10061 44006 62368 -169626 -60476
34767 -184663 159749 -136626 114522 30046 34672 102252 -195000 -99897
94310 102506 -121621 -102568 -122545 93132 186769 41191 158027 -126988
128370 60516 -71332 -42044 -20515 -100467 -49110 -191945 78265 -139623
-46853 159399 115158 -60332 33574 194 166717 -13780 -187965 -140147
-196481 192468 176523 -179349 9626 -70581 81807 -184978 -29862 44639
-16323 137632 -184971 -134881 129954 79848 -48393 81565 79887 185248
74579 37970 -113600 28332 -88174 -89933 151089 -165380 45666 28541
49706 -111192 -56519 -12376 -173690 118714 38263 -23006 -32875 -103775
118760 -15370 90540 162474 -179469 -59434 127578 63025 -146620 -93755
-182432 -30186 -42727 61428 -93398 70146 -152027 -99597 111814 -180963
195281 -78519 102338 79737 -29089 -21460 48243 -81763 -90351 -39342
-98375 171142 146622 175605 -100602 72246 125104 -64716 15257 -198295
-186542 175914 38647 12698 -73567 -106933 -178529 -6023 15187 -68590
-191324 -57241 172050 41268 56715 -149135 -109839 98900 -55693 148098
-75215 -15362 -107218 -99692 -177771 22815 -161298 -174349 -86064 -90349
