319899 376751 -377277 51291 82308 -86120 384199 390066 -204241 -84784
3668 310695 369865 10356 144885 -2174 -362088 290264 -18519 12654
383763 -32041 -116350 -345576 -123345 156744 -61299 399525 28554 169112
-101312 -334503 -197980 234026 74062 154244 -165174 249774 243111 60823
210837 -265855 -177282 -108811 294959 103203 -253250 114304 163223 -395541
324169 -18931 397377 49784 -200258 -25457 76619 137926 -183983 112971
87403 -173964 -324013 109147 -14495 -95869 31678 396695 382857 245949
-25355 65870 394903 -45797 280176 8495 -127486 387747 -242243 -146269
-244180 -147285 86138 -16653 125540 159221 362145 247229 390724 289729
268121 156890 -59944 -105244 263704 116768 -302795 26078 -266603 -339868
158921 37160 -27800 288445 -342073 -74961 -132689 170081 180885 157450
134730 -363707 -114988 -176506 -204647 119396 295231 -34318 225930 -289872
-373036 -204272 396052 268206 168021 365988 -196910 2115 -33728 -37023
-57170 -358798 8085 -391079 -295723 -244823 35813 -398152 -347065 233151
-59138 -205768 -32392 16383 -317825 -295252 21578 -114071 -281757 -22773
249784 -161582 -395968 -254566 219402 140220 292505 331800 -77976 -67712
-206313 -397182 231402 65001 182503 -376715 21506 74361 -290075 196151
15431 67923 -239796 -355751 -163536 -29119 -189722 -215298 -241591 -110259
385719 66351 303040 -116917 270847 -114928 -91646 -14110 -81053 161382
192037 -83981 121790 -240745 -139614 -301651 -64058 44629 63683 274239
226621 226576 -25210 220913 178162 -106325 368547 187438 133417 152634
-194698 -239000 -37315 -204241 272713 -190803 -173912 368370 15713 -298890
81547 -123165 -14652 -8052 3815 372385 -337067 -36924 -281685 -234565
-33203 -158711 316782 -230359 -75363 378215 -89980 -155519 195305 152756
-13657 -200345 -50389 266518 -317427 -255849 -329476 234205 -162275 -292670
308932 -172006 -12198 128948 -268105 -183091 173417 -290470 126103 -50699
370212 -367932 -229938 358496 315348 110533 -235737 -371218 -108381 -209780
-290579 240869 243998 -80507 348611 23038 -358238 -167995 -160061 166208
162547 123020 -397850 318154 363032 172983 -23637 54206 -385795 166016
-327103 -371289 117429 70559 122951 143641 380844 393890 -369340 127709
323892 -108193 221842 1423 -8956 209270 -88465 -389483 -105897 247351
-36805 -257765 -334303 296345 -211782 295987 -205085 44451 -164781 -38102
329276 -134040 344286 67848 -234495 -287611 -7776 287577 -285087 74585
30548 -240489 317393 53297 118811 -152040 -208606 170288 -318398 285399
145452 171562 -331667 -33465 340202 318836 -329267 -378051 78017 -265100
-346259 -18919 310740 -336957 81248 -158614 94247 -179737 168961 -307485
-18153 -31499 -227593 201408 136833 -2327 18900 -253801 357740 -191192
18053 -306094 -351800 -94873 236228 248850 -373496 -356571 196068 -144157
-241679 167690 -136951 -275835 309259 -58700 -393210 -354589 252265 113901
-224409 -89698 128122 303319 -301488 -13397 -354397 342619 130037 -297686
-178907 -263169 378175 -214687 -304192 -6563 -392376 142700 -268008 35243
285403 -179906 -122237 373777 37140 163160 -396428 15894 -92010 -89293
351501 395810 172928 -219299 201922 -230705 216958 -232433 150312 -123691
206540 -348782 304 -127122 99338 -274769 -82665 -247437 390161 -316334
350532 -77634 66760 163037 318759 -332505 -250086 -382047 -29972 133902
-81982 216034 261763 -22927 267196 -130322 -227323 370044 -166302 -220683
45317 233181 -293849 344845 71603 -57224 181024 208888 371968 -4958
-334594 -72333 381998 146635 307029 122190 348737 22335 -367793 344592
252119 -324908 -1825 -298590 205253 -296877 17066 -92324 -249410 -326683
284567 -97304 257253 369725 -252938 -359573 38127 180433 -333140 -25587
-156442 355653 -204110 -310758 -148194 314412 -356000 87545 164671 -153271
228824 123567 -69992 352710 19920 81390 -48898 179530 140684 -372097
-393828 61787 -132679 -72340 289564 40261 -335053 188782 399451 -171375
226646 -283888 -64852 17201 232132 -320165 -369558 147376 18399 364840
237609 -40170 255571 48091 -309934 14257 46905 58354 -190104 197781
-377299 -195391 389767 -216171 -226338 16553 67035 272719 169998 -277412
-378880 -160227 -261610 -202248 -236498 236297 -80325 -353927 -247005 233292
305914 138847 57207 167292 -143719 -287619 -205604 242269 -383001 335779
228214 161058 -178691 291367 -48908 204299 221271 -232607 380324 44422
303950 -55331 -195821 176726 -329665 -234156 -346357 -130858 -93884 -291952
338689 -223198 -250772 -163351 276257 37052 59851 -200063 250369 -244898
-375671 31527 -16848 110023 -24731 -140644 358760 -344683 -14157 -122850
330492 357868 197119 -383724 -245292 -286458 -137005 -337077 233377 -102695
-251864 297596 310413 150201 -9947 -309076 255221 -124888 37270 71829
380153 7714 -398696 -308875 176862 348598 110940 235644 319817 287049
133112 5029 -226465 -283491 25426 -154635 253349 336271 -88817 -59174
127830 153505 -281466 -103417 314249 -155780 101155 103223 -193239 301321
158652 -45027 190247 -207560 647 -298955 -368926 -130255 149316 -58536
-200731 -81514 -49113 35751 364913 200534 -32567 -25117 -75163 43732
-53956 -26021 253974 247394 13256 175184 239012 18807 -181607 -192743
340271 -374845 -349736 130413 341009 -360220 -122568 -298016 81637 -218749
13054 330501 39617 88228 281080 -57168 -395913 142649 361373 71043
107537 -151701 17083 -27326 315165 -108664 158425 130163 135772 -146093
-227258 -167828 -193591 221495 51562 321606 -83810 19176 371107 -197851
373044 -268496 -66497 -172831 -219613 -94738 -148258 -148130 279042 -196139
-337818 -388388 322969 -323321 -325799 -103649 295666 226190 217376 23154
-262609 100246 322332 -334167 -158376 -93584 72220 -317303 -7537 -260204
387531 390535 -347036 135277 157741 364895 -322342 -300253 -190912 303819
110827 49256 -201472 374189 345341 70694 149725 166880 -244816 -252911
-202314 -81054 -221949 -369889 -215526 18105 312692 312961 249160 -213192
208955 151312 -318996 -249792 -33225 -200490 55600 -375603 -276401 73792
-350468 318275 -1922 -376221 -270154 -75515 71082 88065 340434 181843
-276598 29226 -341798 23759 312789 188128 67693 184137 -338754 266926
-196415 -185689 336780 -55314 -263703 -128414 252094 149092 -173299 271970
65995 352239 -248282 -343242 -338443 -171978 -396635 -295394 388373 203187
189598 227815 -5495 -346372 316077 -376469 37023 142050 -296240 -392364
248307 -237359 98008 -58884 -351434 -247054 50685 -334282 133309 52637
7487 197763 -372218 -366557 108553 -314013 -111324 -206002 311141 -278665
246675 -192083 269004 393642 -178285 332945 53799 222193 -193913 -366469
-120277 -355842 298813 138749 293288 126948 -312008 -248029 215975 377570
-83890 -351729 378249 -245939 -273423 -359944 59231 -358831 178034 -39073
47091 -165590 326265 -287648 -39009 -316274 -388177 -362776 326221 79956
-45236 328913 269935 -75621 -353845 -346009 -394344 -96369 39314 -138729
-199457 -699 -17980 369413 -129841 393570 -105792 -230196 -178725 289275
-216055 151013 -135980 -355191 -292238 45610 -159525 131306 -380283 -80304
167595 151588 216812 -229995 -131908 -282614 76704 -337019 -236252 -36632
-103101 144767 31359 -116451 382925 370549 -127694 307693 296247 346272
-177440 -207675 -239030 245231 -169347 183031 -58336 -43388 256990 -88263
-357085 -157444 398600 -175301 -155502 324861 -380744 293951 274345 -208003
-334361 -52981 -165242 -188424 76022 356707 -164391 -246975 -261280 -135187
351539 -330317 233345 170664 -391551 259101 188670 197372 -282125 -85137
116709 255774 -283902 -297261 33377 58018 328130 -61431 -348107 289815
-234996 -285248 -164131 -367609 -223929 -383213 -75210 -267790 -283718 390818
-304592 48578 -48262 67680 -101691 366250 -284968 -181522 309732 -157786
135238 211234 -135517 -237150 205638 -242289 86558 319678 315587 -115975
-90097 68970 -138813 328183 -117521 322510 362725 -337753 272613 -76187
255111 356321 -52615 296176 80831 -253891 268579 -94072 3208 235325
252517 -233700 -228935 -341259 -134134 114360 -295869 351240 380296 -274506
331851 -87284 184646 -113061 6502 328225 154040 33906 -275159 -202662
201161 258870 130754 -253874 -14298 -263380 -365323 39797 -66240 364720
373841 383497 119746 -398981 350670 93329 -210848 -13058 324929 -160814
-248700 -22752 -301462 5504 346982 -145943 -79802 185601 396685 84897
50309 219763 -139143 291621 264889 306803 -305519 229031 -359468 63334
-246030 -170904 -249303 -25474 -384779 -151314 -183102 -125346 -212596 365756
396668 -84726 -342138 -299033 53428 -76594 -20708 98754 341693 -78404
211138 -116135 -45685 -123677 152911 -383531 -183256 -339318 -142056 912
-323416 361857 191867 360263 124976 -166602 200850 -29179 -339 386858
280483 -342232 157804 -63116 -13107 185207 269998 -241628 -192479 330834
-24898 283841 -290249 -82460 -151127 -136299 211345 281263 377634 131634
-332554 286439 91482 361828 -355317 -342555 399845 -25666 253681 -123566
85461 -60642 337083 205029 -348860 250824 -139052 119329 376955 -115928
133197 -395242 -166224 122094 373527 139283 312361 -170759 -114971 -199422
-34514 170853 28504 164735 -376130 21818 176257 -278840 34968 276575
22934 10306 -113070 -132376 256758 -202040 18360 119118 245265 131789
77761 306672 265472 282925 -215175 364023 -290842 157362 -140953 171732
19713 368996 19371 382635 -132169 398154 -378085 83283 -150941 -283493
-308963 -239841 387030 41267 112355 -366043 351958 188627 194560 -155219
354788 328410 -129829 215617 -246850 198952 93656 190983 -293946 -376759
108620 -357812 -259946 -125610 -205959 150163 -159637 270561 -337159 121355
-343768 236443 -325696 61705 210625 150479 -364787 128277 -69943 -195973
202775 -102393 -138795 -369330 -34240 134416 -183286 220957 -31500 -186199
293374 -380148 -44274 344626 331650 -88796 -245547 61284 -163705 225616
-227543 -4389 253612 -234935 181113 310194 301639 119719 163701 -31103
-324614 259370 -151481 239945 -300024 113979 209455 271416 180364 14839
304944 248557 197057 249883 339495 136853 -276929 393731 370305 -265705
-111889 -94949 -355307 -99134 -308232 140895 142428 202749 368287 219657
-89735 3312 231261 271355 14306 -147518 -122635 345964 199070 -129411
104045 -392442 230464 92363 396853 24060 -386924 -368757 -32109 -30601
310564 -156282 -322388 386955 -338874 -182054 148028 220154 268368 80416
176113 -101860 261136 8973 182020 171458 154189 -339977 -122531 124746
-395168 -37688 -384523 350422 248954 -300854 -216644 249421 313162 -204478
-273284 -167951 -362000 346089 -157048 224054 -289484 -35529 -341486 140052
-107264 -396051 105019 -131529 -154143 394071 -164951 219207 -11711 57277
69255 -182775 288913 -85854 142189 -317641 -14741 -44570 -184966 17604
129529 -246455 -250779 -264782 3715 -294267 285665 -318008 -191667 -154360
50169 182062 -382449 -170414 306296 397693 6817 98322 -397185 -84532
-202677 234632 113585 -102641 -175035 -218380 -256451 -306793 129705 -343887
-224740 193126 -125440 386078 -243826 -194579 241679 -79454 277700 377611
116292 -94992 -127207 -164796 157581 -115167 59657 -205132 68779 293742
184898 -84278 117141 103939 -29749 -115554 -382352 -340988 -257205 -113009
-217367 280254 229344 -398335 -347216 131585 321474 155428 163252 -252219
368449 317236 361882 175270 331070 259326 -215131 244247 -269733 299358
8416 285431 -249978 143352 33253 24294 305003 -118594 -377837 30127
359066 -254797 398924 -233148 281563 218338 30400 -213001 154177 -102450
-248274 129822 -308220 334951 257897 -70962 216602 -251612 -26730 -194788
-274226 -230891 123837 12356 118085 -297082 -324639 -72180 -103415 -86939
-336219 -80916 -260566 -109912 332539 90624 -167805 -244012 204810 308513
-19468 356920 156848 219973 -126931 330886 121969 -70371 -160060 -206262
42980 363725 -346658 368928 104123 348130 342193 193441 -288108 245444
-356237 264416 157376 41090 390936 247920 -18959 -162208 -365454 -346540
374156 12357 226008 -315232 89355 8234 336230 -290507 96097 81840
362613 147398 5067 90177 76678 -141232 -101145 -398207 90686 -378313
244526 -167318 372355 -381058 -173043 -246772 -187398 12287 -69866 -218141
-48014 -336116 306842 -24423 -302673 -328287 -384494 -52919 210745 -382170
366182 -317267 129161 -314659 -393999 5130 -326929 -117992 -12353 -181405
29176 115443 -97269 -304580 42266 -203145 25198 -194765 -272509 207370
98190 -140605 214977 -157042 -288928 36821 64497 -38967 151610 -22746
-361302 -216156 -18446 272416 -831 -129223 -27812 255105 -209585 53735
249676 -319224 2574 -163199 -61707 -284306 -45483 293399 -347032 -309717
314718 51226 -119219 345814 -321896 337227 -395619 -202883 142839 -338046
-141440 353531 -318196 354647 -125496 -115180 79291 -382570 -145499 -211644
-395756 249023 -166787 -391652 -182878 295440 -280156 377472 -41724 217129
-121135 -4239 241488 -80933 95212 31156 -122892 -227636 -116839 -179344
-24976 -37072 -363636 270514 28443 -65197 -320182 298487 -144711 -47179
72808 230656 274764 -108785 -374842 -140124 222423 261906 -372601 -107565
257891 -371815 258744 154056 95125 -293456 325048 195873 85918 241455
292198 -164428 313097 -255085 -281326 -111591 100687 224604 354307 87347
124060 81550 160507 361078 -296116 -159793 120565 -366743 93476 280894
146882 325757 219917 276584 -144746 393336 -384893 -206973 -335348 -13396
173680 -306725 -5800 334723 -99483 194665 -332679 158806 361336 -341644
-203664 -128502 325667 48577 9054 387773 292245 -319275 292179 366507
212704 184528 364662 321890 -219845 140491 157361 -111673 -74909 -195116
63709 -8042 -338212 -279427 -260670 376475 154179 17997 166842 -349539
-179054 42657 -134641 -232009 75371 -397499 112497 23756 96254 10611
-140036 -361465 51986 5644 -137920 30340 250675 164506 199886 -88900
364951 -21233 271761 -381701 180919 -51648 234737 385478 -353547 -346917
219015 375077 144860 -205320 1446 241610 95666 -341155 -387992 -37318
185112 129100 160634 -330069 354689 291068 9981 -168547 -273148 -2055
-116965 -18154 322806 324890 382740 265521 128058 -177851 -85916 353453
-12789 83726 137388 213088 360243 180453 -155182 -44349 148304 -36666
140409 354632 197849 -74898 -382812 23742 317697 214903 -136752 62193
-105603 333120 291926 -180337 -332950 -9691 179495 -97164 -76464 -203682
107085 -160028 -94141 252646 -58189 -60565 -236892 -246859 -344623 222708
366329 155178 266709 281892 -299647 365485 -191565 106256 -226554 -108195
255332 141927 236385 -156381 216126 -106667 178385 22207 78326 -155451
268058 322313 9032 -226767 -66631 274757 352966 49351 225353 191327
132236 55448 386109 230351 -259367 -165267 -257597 183357 -261467 267782
-28048 -309735 92781 298200 -359710 322590 69179 -227895 -18147 -68828
-126486 -274156 -200268 236965 -149674 -349148 84309 50449 -13099 184143
-98215 337294 33253 217397 279368 -395123 -62849 -12805 -185303 -33656
-93488 -96567 -237156 -254107 49774 292522 -194984 21020 -391863 -123521
178867 54483 81854 -121439 151105 150764 266013 -259365 138877 -321130
-50441 356969 -62839 35304 394558 273720 85213 378107 -298986 272866
-194114 44873 175812 -246095 -22605 -325303 62650 -53852 47926 -13981
-146907 228979 -320762 119382 287183 -93017 6191 -363855 265310 281363
124928 71209 -168689 -21375 173208 169883 150089 -157998 342171 396000
191281 -139334 -240394 180452 243812 -393739 10551 86365 224444 -134142
311873 199098 -393288 204946 -166787 -393632 84917 -136390 -242497 215762
201138 83574 200008 -236027 301483 283319 -144336 -295900 -48880 43029
-379784 114407 325853 -369375 -168495 253956 311358 194709 202966 297545
279410 -30263 372234 -85549 173760 83307 -336498 -87535 226575 24947
-36916 -249223 139653 130343 -66613 -67727 302894 -245539 141303 117845
-214207 351570 252800 62352 -373998 -350334 -353721 353901 352299 -298615
-376968 245130 117561 -187040 43940 -202761 -119361 397366 97310 314513
-35685 67281 3540 -170866 29780 178062 188085 3101 46382 150437
-395030 -353883 -1349 -352844 -131111 105311 -339094 47385 254701 264730
383018 57134 -351093 199533 -330807 -86428 388507 261868 -5086 -114419
398369 -267554 195464 42464 139070 -246156 72740 357226 -397092 -131385
205336 -69607 346609 -282699 110166 -135134 -75010 -291505 92174 -308165
-109348 -44905 131958 -157707 -249449 -122025 -200578 78266 321066 10272
-355152 42344 398968 292573 -392951 -46306 -233506 331268 -308417 -226792
74478 -100584 -289771 -119984 -101701 391450 236273 246104 37182 129
-281616 -134696 328153 266134 -290841 187469 -128244 157760 202712 328168
-182602 370194 -261070 268765 -268014 -109143 -179669 331295 -123708 -140606
-99278 107043 -360739 357834 143149 137316 131278 -1434 307901 -210620
-286850 -365262 119609 140099 -161603 -200246 -324213 -325678 -187826 189563
-102593 -375383 120961 233464 -114589 -376547 -337079 156203 335330 -191499
109626 -83880 275458 -183787 -44394 211205 -67670 -181593 362982 -223119
290502 -98905 284214 -343577 -98047 54324 -53223 6917 -286335 -163653
-390648 310703 320261 394946 149923 -5712 311829 373294 321924 213730
75363 97234 15380 147538 121519 -264580 385766 145157 -53320 43287
264070 -88859 -196416 46319 -162637 -237854 342076 187666 389922 75913
-105196 -340347 120762 358433 -179028 -341735 304194 87520 -15456 -255762
-264173 248060 -68430 -36113 -292815 -343791 -155416 77377 277938 176886
-309682 -38379 -234540 -229117 340243 -427 347281 365008 31734 237171
-127276 20648 -249063 -116253 -194169 -216785 356712 351239 72458 -273048
-271729 272073 260177 -333404 -92550 -194894 -79547 189452 119819 33579
-151710 -131560 97102 178520 -34642 -51280 -313306 -104388 -191615 57534
122299 -306972 225372 -31080 -56955 302312 -292024 362003 -13343 -346129
-160801 -156413 -54395 353214 11266 262804 -336612 23571 -130594 -72381
-338594 -24906 -337008 340000 125159 -19674 236289 -301382 141798 -319797
-233148 -325050 169303 314352 360381 -349294 130895 -336007 -163370 311527
-33480 -84715 -308260 -176073 136560 195477 -301837 -20507 61189 -396226
104112 272378 392075 -146663 320250 83162 -48580 360387 332127 174183
136600 360908 252648 158468 -223043 4960 29627 -313562 242563 -226828
-250723 -198432 43080 -220497 27268 48249 218094 -31133 54745 -327904
108608 -312195 -32489 34996 12637 200855 -67667 -225783 366147 44847
295131 -133063 -346143 -142131 -288432 -181433 -357308 -310842 -218627 -124713
343974 190756 133483 268246 348717 -88770 -40132 -171108 -356356 -243647
271726 -328044 -296118 151130 52447 224619 -28489 132106 -192389 87432
-32531 -281581 -237028 -155398 247568 254579 -62744 -201731 -398317 -12481
317305 83444 -91572 334952 -211076 -72703 295939 121635 -72444 348531
-77346 -295346 -171308 -250399 180259 378373 58705 236554 34259 344245
-67423 -291667 -244093 50171 -124236 389380 -337494 48677 3246 136429
71386 -307335 -350439 -267599 -313870 182053 9423 -112643 71917 -105869
-300696 -201533 140110 375018 -273870 78027 250533 239100 50035 -159453
253116 -82103 253887 -53015 -71087 -80696 -216901 236237 253752 202716
-5013 31007 -303934 45048 57760 -112769 -226273 367215 364974 63239
-66987 -89846 -217922 -83102 -123930 94003 -82540 -4017 151574 -336405
311185 -230931 -63479 -282053 -239613 -48728 75394 -359062 -248925 11179
6223 -5047 141877 -97642 391328 -391269 46040 -55128 283834 85244
283782 89221 -300686 -225050 -172133 -72790 -74808 -295740 141066 171246
388856 18646 -195064 105594 18648 394314 -234857 120182 370248 391889
-330672 269538 -245797 270129 149293 -343494 -211350 -252830 100082 122405
-185432 -8628 34285 -367681 49160 -56648 -359287 276252 16271 315312
152327 163909 -119007 83322 -370871 -327117 28938 -217263 187476 117085
-231107 -163549 158063 -265749 200877 -309754 330624 348429 -120087 -101005
-155856 145338 -280924 -297961 307192 -294424 13681 -154440 383742 172621
-68236 -345663 155648 189656 -95734 224759 273699 -378740 61631 105556
34990 283013 1798 -47821 -124913 134144 -62140 -14648 -260700 -354660
-138066 253792 198095 -264113 -224928 295677 397511 181339 271320 212929
386198 124938 27327 -183051 -163508 -116951 237159 373938 -122295 16901
-254705 172489 -314395 49948 169018 -144331 222838 42208 64730 204322
100826 289967 380994 -172117 134443 101254 -345638 -186511 -213418 -95461
242372 3741 -49528 -119864 351342 17979 -6588 -339197 304885 -198533
-113640 -169892 -187641 -218581 169588 -245906 334719 28337 -144582 113885
208558 -34362 344808 363836 -22627 340107 35364 21912 -207620 160231
-75893 205977 183511 -71006 -40867 -238264 -35549 -57745 370081 -114926
-276078 293361 -291935 323594 -131357 319172 251584 249166 -278286 342208
-214378 -274653 343439 -291829 136993 -249449 -270123 -112398 -350259 139885
57717 -195006 -189819 -184399 282322 -221820 -118037 -191868 -340914 95386
87321 226735 -153460 -73172 371439 -159236 362891 -37704 112647 319666
-94005 -114314 -108028 211778 -389976 341961 -388709 399074 100374 -378412
250188 247030 221652 281982 -222675 375789 -48168 -54935 -17019 -89130
79000 -45460 -124859 28658 -94664 -153957 382349 -6004 -43699 277849
-367727 -105830 211258 189344 -374254 305655 135050 -101000 101812 387009
378323 223143 -209918 -26685 -172316 91298 -127483 154632 -274957 -46526
-272518 152927 38798 319228 -295240 -331001 -242238 37935 -219057 52921
292055 224174 70427 258601 -296558 -148297 -281987 -224969 -149125 -15985
274895 183884 -74696 178991 260600 -324895 -138938 -278 39219 -40791
149462 383068 389063 -253000 -156529 262084 -179355 -275525 -369340 107967
398682 332706 -235145 -48318 349579 -330482 185254 -234989 86657 61812
-84995 -374758 -338859 314426 -380450 -142721 47744 -76561 -181679 -258507
-300585 -351123 81630 195128 -143343 173777 7923 -120353 372537 333647
64788 255914 -84633 182335 290447 3635 -63266 367394 -209295 -258972
343416 320042 329625 -274785 -12558 21849 300481 183358 89374 392315
-223195 -280911 -64362 -351455 -18341 -141665 -358437 -279773 176506 43140
-352512 -39798 -340642 51651 -283825 172888 -124841 -83074 325460 -210104
379637 136802 -299092 54183 -238865 -288455 309015 131133 -186771 -84433
-167760 -253031 264206 -295987 273002 261959 -192242 -125447 84477 217876
-157451 -50745 -298114 -43767 216561 -189075 148690 -314173 -214571 222859
317924 385169 -67741 -319544 279667 357397 359677 -12301 341428 -287696
-146821 321013 -210984 -267845 -71909 137568 -338767 384984 310764 304609
-237474 381092 67889 -329069 193491 -274481 86100 -228854 -20072 301270
-82664 -152068 306920 -374884 343673 -103035 215167 -250175 -21333 -216218
-7361 143717 210488 -348651 295323 -139570 -194566 -368359 56701 -381120
-271321 -305928 -103705 -254639 -197596 -291865 -386537 86811 -290274 267160
53378 -213719 -33868 114619 357902 218677 218410 133941 -235137 -183128
-205672 7321 -104980 -224664 -385373 -181439 -333229 300432 -207852 -130513
-195548 -216410 281195 -200960 156860 -394426 -396455 -61352 -81604 -362893
165761 -292965 -53975 -116855 -4225 142149 91014 -274884 -135043 -12590
-384787 -152516 125218 -105956 -262606 -7985 -21092 -329254 -244020 165162
112617 306504 20235 231016 -335771 111914 272821 154305 -44138 368840
162349 114938 313637 -52157 -374615 -102351 -391545 -352713 363122 367295
90293 327597 188714 -327567 -348234 258661 -2938 276783 -354988 -332107
-290381 267 -210776 271022 -27459 -241697 344452 -212814 237331 220093
-209457 -315544 -71128 -36352 -261580 -128563 -293464 87368 -285869 345118
349846 -155037 394415 -275296 350933 302595 -364200 -254355 -128163 -125882
-372474 357666 325434 -327681 111886 -334924 -135374 321121 -146179 -232785
-84870 -394278 4938 -398605 -236953 94674 295350 360234 309149 -350057
-299938 349827 -372413 -51972 -235126 -125307 317539 -32766 340075 80016
212071 -346764 -341529 251183 -190722 -342903 307582 -134806 -183452 -253059
-315887 308013 -350430 26506 -17906 -183510 203510 250828 -145638 -127000
114519 -288638 -399669 -24521 -344434 169849 71303 25070 -38670 -47717
47814 318118 252693 171367 31835 298799 132146 127869 -190112 23175
-152806 -151675 -18549 305022 269655 -151434 -89712 358293 214487 369579
-155373 -179375 -377403 114243 65387 -263198 -142151 320508 59949 -399341
-280730 238621 -117771 98404 145236 -62962 -351899 -234114 -12799 243673
-71497 -33130 56316 336199 40839 18897 97067 227113 102553 137855
-182175 -253667 199076 -258091 -190982 -393887 131566 149966 305378 140095
-51795 229391 99515 140362 26058 -107784 -310133 273355 -141218 308617
-53189 37597 118788 100966 206559 133138 -199308 1287 153195 244729
-283786 -300498 -274980 397716 98936 -120659 182138 227691 -9370 133368
-201994 -88009 -180857 -31918 -211550 -56873 141094 -145434 -332578 -18717
-289050 -150257 -180424 105061 51287 -92238 305490 -313353 -62632 220619
-33827 249650 -327584 171626 369254 224852 -281742 -45120 240062 -98830
-40705 -391590 -253471 -323853 -183961 -271790 357712 342335 -12281 -325084
171434 -197071 191769 254378 207362 -107901 281268 -152042 -212362 282443
-240301 187874 -22095 -205956 175658 17457 337422 -23351 -231551 -254261
327672 -381505 -351239 -99720 254710 242365 -263088 301706 -28768 -318524
244431 227961 -59833 -115181 -126976 5777 262331 183640 -81750 261429
96513 357734 103521 82372 151101 -227705 33322 -14149 -197837 13076
-357194 -139836 293667 -370352 -265754 338735 -398682 -396420 -370951 386725
92256 190396 327378 -175588 -111356 -158815 355654 -118880 -356031 191788
95530 -331991 266648 14502 26207 -322448 376305 -40718 175205 262066
153893 -331554 -238956 313213 -52417 -169073 -75485 -141116 322157 -50859
-216458 -386564 390383 23579 -390109 261771 -359318 -182758 -85718 27292
-123874 -355896 -360275 -331726 -94375 132785 101197 -133246 278927 -51336
173052 218547 -167164 14698 113827 102543 -283165 353227 331413 -398036
292093 -321906 129812 169795 248592 -101573 -357990 275120 -139079 152473
141749 -363334 304037 271890 -259708 -355680 -23893 83955 312531 388999
26276 291155 -239916 -34295 -38944 -375324 -192697 184186 -96258 -49677
-160605 116126 7094 12459 -169852 -172668 -329722 333540 170019 387897
-13146 -356095 -6360 22879 -148639 298463 19065 -339453 -222133 -355997
-250624 154773 -265413 -167187 -249469 -297299 -225515 135412 7630 248333
142557 187150 275059 357214 -333749 -189484 274234 366933 386279 -112999
155979 -37321 160862 -390606 -367179 -103378 -222792 327446 399787 364438
-270173 306817 -299436 171803 -123943 -346687 -40836 68224 254958 11408
-114487 -304885 -143496 228084 376673 89546 -346183 180084 273678 204616
-38093 -5349 -202746 51962 162242 150908 -326033 -358589 233171 -168960
-22361 -112657 352079 397466 -250882 270844 285876 4237 -279174 291273
-37757 -292085 -39269 -389615 -285194 -174775 363713 86697 -378765 -308198
256550 17316 -296016 -391622 346045 48945 139239 -182197 -171906 189377
220358 238312 88770 -254744 -152077 -14520 -333217 31458 169254 -152653
209960 -258059 -133929 -165785 46668 141494 89715 106676 306388 132280
169170 192411 261907 -231335 -32131 -365608 128923 138308 -58921 270107
147090 -302958 146426 223472 379834 -260397 -114103 398131 -91438 -92208
-91545 -207129 -239855 -317807 378168 316905 -205151 -326920 -286455 -235175
295174 -379277 -70460 18033 -265673 -65226 -335511 371509 366359 -53004
249997 -58197 68246 21103 -217396 -5843 -122488 258014 381806 -66285
-92758 154366 -130171 -362216 -216375 -383353 184289 -236827 239466 -197155
135703 244628 10345 -41942 47547 207458 -81559 -269985 -32627 -50566
-7749 -205001 -86728 -95892 58788 -205789 -379266 179711 -141947 -24887
80758 174831 -232072 -48151 210842 104089 -309159 243359 76243 -175916
-58090 117335 -20279 -68113 91506 -37304 63709 -284582 53462 332799
219683 167036 273464 -253867 -124745 328753 260408 -299244 30295 119467
-283200 153295 -260811 -298333 -237425 -67160 87108 -22904 9959 204602
-216069 157857 135308 367726 -199715 -258465 -292881 266209 395889 -374127
167717 311361 -358757 -269363 29353 -341179 109403 351268 133796 -47358
-184561 351025 237720 343507 -93101 5277 24517 107654 259419 -156294
106408 237644 -192626 -6847 -330955 -354400 -59732 105912 -75958 -85885
221332 365292 73180 49539 35571 -307713 -148702 236875 -49693 -265738
-96831 365074 -227982 -301462 -137060 -113970 -290919 -399139 -357001 390099
300778 -369310 102403 325537 248741 -107653 -246697 -241272 187762 -236946
77051 366655 358689 -84069 160001 -27445 -103088 288051 122235 280277
225726 -69301 -199195 -167662 44621 -239007 -37726 -388739 -171647 341054
-42291 -276743 3428 342973 -203516 247889 -155612 -285183 103588 6855
-366893 344967 -61618 99576 -49949 229118 -8962 -227200 -82734 376283
36189 -264039 -11382 -252810 311572 3580 83597 486 -97244 -259506
86790 329197 53308 205269 185887 -398087 183040 331653 -3116 -19779
85264 157475 -74076 -34090 -312750 -195086 -257016 238532 296389 235609
-106576 275914 17799 -251406 -150830 7263 217461 358589 -397904 230512
318172 386701 -372046 -167373 -346037 215114 -300026 183584 371847 1906
207041 231782 58080 -378383 -67855 -189320 79393 -208228 -27446 273485
367922 -334952 -166006 4731 341858 -288645 -93170 -385349 -357885 -116421
-266908 104238 178589 -144690 -301075 195952 -182122 -261612 -162156 357054
307596 -267375 105951 -436 -279292 29624 191045 -277111 -383407 -12898
43364 272203 -346192 109691 -333564 117656 -47163 116718 282338 -183427
95363 -253033 386418 -397209 -340112 344994 232333 -245663 -168179 293089
139020 -377329 -310579 -2523 87009 -36243 -144732 6935 372274 393248
