128212 -57882 609070 154279 -651087 -469052 -566083 -47653 98944 -840
266536 -284066 -257408 612102 -374558 -104700 337352 644022 -674106 722685
258602 236014 424451 -49765 -338393 -659896 679001 -657769 181298 320578
-580744 18560 371814 -552201 -750789 -164598 -460609 -566247 779700 -71817
-176296 522662 215682 -69082 434373 264056 -700519 225102 -749136 759769
437780 460397 -454386 490355 416692 128400 191754 -209474 335831 359874
-31638 257242 -331153 354846 -722240 38159 284465 -655933 540906 662213
638615 -280612 538525 438151 -25182 559650 -382853 60922 446542 417775
780825 729870 401823 -476217 -559169 196748 246981 497549 -2778 -274360
532853 454140 -722306 -639075 -616497 423676 -439243 163497 313957 696693
-538240 -210504 -539969 -154950 -638074 -450105 -330049 -442494 512059 -696675
183942 -531874 644194 -401404 -445397 244769 -524004 -2567 -362605 -656065
-705713 72006 307160 -372647 455637 -14105 -766868 -325276 -456471 -768800
-628516 -683896 673152 208556 -389001 -553519 36458 -499109 434026 -25849
231666 -494187 -268558 -206420 622975 -244413 36902 362464 -672222 -432286
622225 201815 230287 -766807 -277683 626912 -128022 163620 -365382 56053
-229123 82301 -635417 133086 73238 658688 -134685 -761226 442759 749422
-254009 -244890 -255999 223419 600316 -114265 -621721 12414 -367226 -275276
-718163 742520 637036 605015 -602318 -133656 207420 546856 -315990 -770664
340887 465688 423738 668048 -286413 487953 151198 152094 -107419 62375
-286372 -54374 -30142 -456678 -163368 78221 -417592 161929 -335613 279139
408599 -610286 -503112 -157033 407733 438488 -51881 58731 496163 429418
-799406 648607 429968 -396830 733252 526459 -209308 632112 -148705 100447
347269 234638 -651926 508054 -306233 -319290 680728 -214090 139199 -383200
-57186 240879 152153 -472531 -331242 -397077 -560379 -510121 106492 -695678
-634103 -733402 -553778 -756112 294058 -778876 394824 -341110 159018 229619
-763061 441449 157782 -298610 -74608 -399767 -130953 -790262 195121 782345
190866 -726150 796368 34369 211666 -678540 694454 695568 -93533 201089
-314994 80346 376695 -398283 125081 -778913 -771418 -223179 -217817 -593404
-588330 58748 -245251 -634603 615519 -211507 -180785 -492771 749279 74977
-789632 -549876 -494653 -362993 543217 -275477 -665113 470152 336224 59955
-260433 -380168 597240 223849 -589587 730986 185112 596129 -178744 -316263
561449 527292 -589195 -686452 98616 -158256 263934 153407 711582 212213
-770641 524665 632811 -654861 -512598 142188 -749052 781000 708142 -111429
485619 -772422 516800 -648795 -227791 108263 -190248 305062 382077 421515
-58850 -236881 305193 71718 -273312 -294590 473766 545664 -212397 -663245
706998 373017 -615438 112273 -591355 -176857 167676 608860 -49369 -45240
195404 409862 427553 248930 -248299 -90756 68425 619963 717323 -469383
-156382 -787110 -472251 95546 306498 -139801 476762 364627 -739180 -15391
-698719 513878 646500 298700 -590401 298062 87975 -533690 791763 -108396
650880 -445365 577349 -513143 104371 420066 -417486 268491 787961 -65166
214708 771896 -566681 -224401 -219980 472491 -606973 -640790 764704 -458044
-320141 -575121 -761032 46407 -378287 526113 -242313 650651 -411118 -90200
-790736 -268322 -448081 523882 590421 693630 579907 209167 -138739 -584447
-209485 294830 461520 752281 714773 31256 -454533 -352113 -658921 157935
719490 -89816 -745513 -181824 42973 433819 488920 796457 479605 248578
761484 468318 -337144 -591423 659639 716754 365895 27069 103548 383102
-357199 -99333 -792532 784540 434472 155853 515640 644301 109201 -210317
-510345 -355166 734458 -134314 475890 728176 652972 -335000 -216879 -568154
562760 -518142 751999 -437318 177347 391598 599667 -24943 -731062 -191571
174296 -466010 673894 589263 355953 107747 266432 -771043 291710 248566
782998 131413 -245480 -515798 -493628 -370010 -533097 -342918 595073 169811
432093 -488128 -729751 653553 566808 -253620 -451253 191401 -168577 -795283
537674 584901 -795167 5761 82264 -586479 652910 -236007 -414510 181761
-109030 673836 -305637 623754 -757734 92733 474479 -248661 646068 -227807
-729119 570649 -729543 -549832 -520079 -618670 636516 332134 -66677 -588428
-137815 -147664 322242 -168828 -614421 -179276 -534341 -276057 529155 -374861
-545981 389819 -282340 -227587 -224407 -413907 64374 316082 -540422 6256
-208299 432466 446555 634006 553738 -29033 223440 399021 -19986 18464
236665 -399814 -738848 581763 -476136 650987 -451241 -593877 -19085 -559095
-456562 311930 -92260 395636 96339 645676 752837 -241917 351275 705427
-96921 301100 -494051 -684926 -458125 222036 -527573 285665 -774653 158194
568546 -83751 -497252 -98632 -326496 750647 33903 78714 -367538 720701
-566979 -193770 -703492 -429442 -505220 -489771 -564052 470645 -464839 351212
466416 794035 -293936 373635 -521140 -258027 119301 244117 -333952 -530612
642122 229705 -710235 575292 702995 506859 -565531 -512991 -227071 180903
744706 381268 -635822 134740 345175 249221 14738 -185312 793872 526543
603610 700362 20318 -26183 -731646 -105410 -47562 -793537 373040 -791589
737213 -162451 -798752 305270 -488197 -589122 525339 107573 383380 -34203
-670222 357851 -772502 789256 -257139 -634173 -483627 -525312 457747 -638258
-359999 621361 -399729 -484627 84644 371900 327568 569221 784709 699751
-781896 -226572 565691 -477586 -59727 -400980 647325 -269658 363286 145164
677741 -314547 -599382 -354835 320901 -742715 452885 -384989 421219 628861
-656466 177318 -779205 318416 -682666 -667398 -593745 527181 398188 638875
-686214 437511 -420625 -300411 -377534 -150338 -54128 249069 -682402 -640375
104975 -136413 -792711 344472 228008 -584678 227089 -64273 -17535 525504
369082 125340 660487 662104 723342 562916 486155 166493 621278 666895
410617 -617449 -178076 -13548 -719333 -799213 -716196 314951 -707092 -80927
516552 469844 322244 -239340 408055 517969 -160036 79232 574419 539264
-686721 419771 81640 185978 -595287 -406884 239428 -691475 -633682 -38870
-730834 383177 -49752 418462 -600408 -409127 -66212 695951 545312 360475
-416501 799793 374841 603847 59692 639629 276431 -65763 689019 -212195
-718516 273456 -190469 -548904 -593057 -382546 -480896 525253 529591 343920
134701 241807 406761 -90381 -703479 -594400 -190472 -100768 227603 -639392
-64000 -48467 -313924 -189339 -276095 102782 -176262 -139275 -16776 -648688
691287 -66495 -578818 161299 -92986 -44861 -166521 -612174 232396 592867
787190 119357 474533 -633412 422356 197840 261987 -654702 550804 -709294
-782903 -321554 232347 553087 -125553 1336 460036 332656 171688 792733
687728 -766465 665523 -148078 -715222 569790 202170 -798495 -595767 603100
398235 511318 -397535 573234 -35539 577867 -350241 194046 -568626 682788
322891 -398248 12437 392874 772362 106325 -33140 -46727 708438 710896
700796 264551 351780 428114 -627810 -76675 445962 736488 -658846 145301
-769249 -316211 34237 578545 -73400 -41349 -732391 -346065 -617648 -684412
-599356 -191228 489717 -547329 -531968 658588 -630357 -394774 -534934 -418717
-12712 -667083 -562678 416751 553826 441689 152518 274234 224917 296079
-91103 178700 -792798 -58524 661053 276619 35782 69975 -279356 160540
-712840 327531 -383942 760975 -656267 774174 671600 193131 -572553 473120
-306620 -64908 -28197 398678 625604 153146 -697019 -283111 367565 -121026
552377 -393066 318171 -517493 524443 -444622 -358572 -126685 -704730 -530599
122837 302448 18905 -180786 413240 125716 -430026 -266065 233229 -171543
-147256 739251 -62255 200909 -741701 -360751 517112 -207651 253093 308901
437284 -738755 -366308 477677 -101356 177717 584076 748909 -680733 -776332
-476546 -86486 325122 -624990 -165925 -119191 -543762 -460538 110120 463166
-25562 -737507 -229715 -384661 384792 -97012 -271748 543373 759513 -280663
-83194 162028 479584 395677 12891 -706257 -414050 -522923 -487484 166237
558695 171537 355915 379853 419166 -184282 -395015 -620109 -223414 -609600
-373437 383168 -182760 10702 436663 -727854 660905 -94816 512367 584027
-214265 -562989 -720381 586252 549390 609399 -563257 -256057 -189252 -763345
675051 448854 -116880 -248832 -190508 -506526 326425 55776 233837 37993
612366 -680008 366465 -68100 673204 757642 -445623 616034 371283 612525
354633 244983 603029 217764 -186045 -266201 -322292 -316401 -281181 347025
387785 -92605 389903 -187865 -185702 -211242 46343 -46491 -212791 571654
466788 107172 -152726 724540 -374177 -109458 -267479 -491465 385891 -534472
39003 572766 376390 -352624 -217970 155038 -106783 -724300 110687 -644916
3556 -21761 -795042 -313316 442294 -378102 411391 -695986 738006 559733
349744 736657 -91996 -353427 49677 56749 -786469 710052 553062 -659176
467699 727883 -755920 277958 -759610 376261 -754179 -785112 -394146 278352
748681 17847 30321 595894 -687621 469912 198508 -429029 -789967 111719
-770538 -160876 -240764 -727519 -766268 -201012 511682 127289 -684560 637735
-450557 155738 -75613 -624359 -37468 -33994 -85139 -292822 -741004 -112454
-430577 -519916 585312 -575373 597468 767929 411434 -197963 319950 -344247
-438607 23292 703201 72424 -453070 -99216 -793646 -732580 -711807 -593642
758426 643801 82087 429852 582697 223196 705442 -577766 -762432 -367285
-183281 238981 144650 367716 -653466 -211530 -373594 798468 343848 -770855
477210 -647225 171233 -751649 -56722 520706 219178 -205260 88456 791648
435976 -674757 -325553 147929 -253715 -633345 685587 -296643 658020 -219054
279874 289068 -766209 162467 -550505 653122 129690 -715704 -174340 254385
180746 250015 664130 395263 -561025 796278 299382 651933 46495 -769392
-143112 424785 -747280 777886 164608 -454171 461262 -551893 -393707 43910
-581336 -673010 -489193 182607 -466290 30137 -226787 -650204 -357419 -49542
754931 691869 111715 667678 -288140 349702 196763 77778 -549107 567520
652626 439289 -783176 -390158 -83897 -577559 163223 -64192 -240763 -213798
-237605 -155822 338028 -702681 -38882 16435 -562266 -255449 -9585 -550591
-357474 -9697 -710838 782980 533871 -659015 602924 -607601 448522 506443
-429050 228899 203609 457894 615831 56294 -77150 582842 101880 45326
74483 -525467 -670123 -548410 -141922 482556 787347 516952 553944 -209739
-424866 -201622 -424576 -726259 82599 -157779 340915 -263838 185281 -513960
509025 700314 290508 684081 -203167 381302 -342078 616638 527798 -649638
773499 -42438 -767603 -260145 -242809 338236 -348844 228551 35881 660421
-433696 -514635 -185114 174421 -785185 438799 -767148 153092 412201 -521620
86389 756261 -657048 -316554 62405 -705784 650104 613725 -682371 -637043
-17041 -514824 -3604 437980 538554 93645 -720683 77434 -40953 -562049
-592978 -500478 23729 433078 624730 363127 100947 793192 344961 94656
-498207 -496687 427268 -131797 -696045 -712534 -474578 -239840 90709 -279730
554057 -736518 -23420 717925 -721651 -539115 -732224 -316337 -368172 520290
-267964 371757 -180953 -10077 529141 773289 -638666 -365489 -620165 615878
595456 468101 127535 -791300 336560 3079 73720 553139 468344 149032
744473 78500 -275047 -140843 -327791 -748722 -319345 335988 -46810 645519
364950 372264 367974 50889 572268 416839 -671464 -565872 -362963 -180415
42322 658626 -403581 23305 460104 5913 464592 434735 -598973 531929
394029 520782 -675173 -470001 -799239 540200 -252246 -138506 -317802 -565028
475293 654235 -42372 -630272 251337 57746 513099 621592 -699957 783523
-266091 786913 763147 47575 659547 -614606 -587918 -328488 -502560 -693788
640815 687564 283462 -245251 -178134 -568067 778694 -577338 434548 -400018
-156495 -81952 551015 275803 531586 -343467 -707707 737772 -401884 628180
542992 480768 617817 -480824 540004 -615202 -339783 581308 527012 -101187
670992 6309 -106754 -302406 -40176 776225 -108582 308613 -503213 624996
-43591 694870 -129184 260525 -577221 -481248 165390 -439432 665761 601016
-741881 -330167 -233029 528082 -47517 789738 532602 -550135 -98454 566360
268464 -150552 -514992 346146 742762 -545043 252551 183021 44097 -496944
247967 -455386 -231293 -147439 -719859 779364 347566 -414292 8510 570325
150476 -676305 -37805 415578 -319111 722171 -686448 -560799 -98267 301404
178452 -449196 709094 -295072 617183 -264274 597155 269540 761398 672022
434374 428551 -405889 534454 597420 359299 61323 -640252 -514026 224958
595382 311457 -131952 -450242 781783 796803 -417957 105796 602649 -148024
48332 778665 -758280 126392 219710 -181793 37213 360498 -173378 -330257
-379499 -134242 -350364 -179782 -19890 -220463 478204 582731 142105 381642
791287 682011 159476 323348 22029 -507555 -645268 633817 745176 419327
-338553 632839 -347463 3083 662064 392940 558333 265241 -479148 757918
102832 -395961 62439 338959 299248 -613429 347932 573536 -404553 473468
52186 46351 -701471 -548836 -252652 -164330 636971 335853 249368 662415
-588460 352314 -514275 483498 -287244 -720163 494187 284888 -40739 796555
763979 -605987 -62012 -357461 -217701 -754876 603617 261082 -49316 195332
721341 466648 387289 -696908 13534 -772942 732713 -455055 497493 -363502
-271448 360438 -622038 -204958 -160568 -320850 -615273 -400585 -659155 297864
-577873 -411200 -103342 239943 223888 178554 -98265 743077 783253 -546257
-633328 -414417 454935 783502 -326781 -424454 402003 -543752 -469498 -608889
-312661 -475124 -286253 -625665 -614099 -309900 68750 345051 220579 -460822
416910 615248 -199033 396322 -2798 -451435 570990 -369845 -66968 23535
247832 -497371 313470 623281 61206 -467089 629930 488429 478572 488759
310924 -65918 -671556 -692975 -250923 -654268 110517 683938 716157 733072
-392102 -35080 13431 634730 -706720 -697280 6233 230991 -752528 41739
-456831 -264331 -14740 -674541 -538025 602316 710114 -787028 -764416 -405951
495868 129654 -686468 -669687 119995 -333909 565392 -262016 349727 578434
734487 -501736 608788 -467568 761700 494877 -670911 672409 40749 -566844
-81704 285590 717882 -386337 550733 -128843 250474 -91958 715672 -787440
-209386 498872 633578 190592 -38718 309358 -322506 -736115 44327 462747
13272 182454 -99004 375421 -201067 189062 -302691 -198307 -339992 -97817
708182 512378 -415733 -736560 725723 -696717 455802 571422 -501293 493834
-425000 -87112 -18210 590081 -512495 641394 -425403 -49562 -128180 -257547
782370 106535 311778 -36586 31421 -344358 -493341 275281 724216 -44816
248299 172779 -379538 -186081 -678897 -491965 -117871 -11567 -242566 -607720
21925 -42345 -792604 789074 346275 -37857 -641364 561601 485432 658999
168290 -74369 454920 -642716 -454183 298845 194045 -337106 -348002 -773757
278810 475916 355938 -799563 -491919 -552450 -581509 -15306 113477 17722
-752927 -314346 -355042 418615 793393 511701 -264305 -456634 742204 -507958
751332 743277 -634274 20611 180349 30916 494974 527953 323759 230571
-414250 -526650 593966 531583 -366324 388463 734154 -335887 -280850 492874
721152 531024 39707 -159074 -183726 193536 413823 648378 780194 -377533
416745 786395 -330504 -209139 -664486 -180495 484070 -302102 606903 3183
436124 178064 328545 745810 -636885 -736437 -389896 378795 608481 -367917
357896 67730 -654393 286041 362925 -663505 222041 273514 -511121 165305
-247496 375132 -466834 -637255 490841 -354749 -439335 500903 -737408 -490191
186396 -458220 241432 787315 -790093 -427796 604303 -286511 780713 -596440
-498389 214130 -299295 581680 -269573 484868 745985 391343 200193 482
-382821 -71166 -768000 -409423 -696192 255151 734064 -617573 74882 431442
-252410 -374102 -215560 77355 758773 79386 -692688 382048 324253 349802
96955 -763361 -641096 743682 683771 -454033 686389 400550 8872 416597
554490 -456230 -585172 -392967 368769 398112 291504 765210 499703 287408
1620 -632640 -330038 -160350 -412715 111442 -69907 291017 85258 -192647
-217570 -205677 55310 -54769 -585407 -598513 -47425 -687780 -144472 -196348
-348638 -732907 -631421 -423331 -245521 -228752 347669 193705 498644 213613
-15798 30812 -306852 -143932 23892 605346 -794501 -34934 -165743 -248808
-365680 184187 -44901 348807 586346 241415 305846 392178 -199060 674018
-524805 188813 642086 492933 -579938 -247005 -195602 -402337 -147609 766541
256238 491714 593969 45425 69612 -562296 -169083 -335372 -536959 30302
-98884 -442302 510218 -545757 -400605 721510 -656220 -166291 586831 720831
-289899 68451 -257875 1317 607591 191056 -5449 783650 -132478 -231133
-270475 -374411 -487022 613089 59446 502757 758098 -753299 -696017 273060
-213689 -578162 125564 -546307 -27123 666395 117378 353753 393544 578638
42774 -230467 -512238 -22316 576495 -136352 -578598 256790 299737 513184
-179472 -624589 -347383 -673840 324301 -334900 749162 489609 231694 213347
211514 626688 793225 -171462 -118398 504260 -174512 -521734 -379902 -653521
-697156 32290 204029 -326060 -392840 530521 585989 202057 393086 -364573
79450 -3642 -447110 -382622 386239 -403529 141448 160456 783806 184633
-451446 -334651 241469 -311392 -717732 165006 336402 172979 653575 -742216
191659 386821 629225 -198114 460130 -300160 346129 -496039 -370143 -726875
657313 373772 627720 374709 -194055 -94063 50044 -535789 -99467 588777
-49721 234896 90958 -470606 565408 215526 -378441 -376854 -735630 598482
-335947 -615248 -446718 -125339 609633 -102663 -626136 619717 -273838 724769
182984 -409679 -437080 -328282 -197160 153106 211953 764911 382833 -216902
-288400 -431845 -384235 -67559 104375 532713 -597446 -615683 -62081 -476274
661204 -328979 124293 -47595 727362 249195 649477 -117193 -404674 -110684
-148529 471034 -500054 350570 -538027 -66201 241433 -723679 -666839 732339
606615 -240556 -252313 396719 -158212 590850 -363472 4642 383853 618593
-494075 767938 757964 109024 401183 468976 -298460 315493 411690 428279
375985 24198 -751946 -126272 -220923 -139189 498828 20757 372509 405584
-99135 62037 -309329 278719 -66109 4196 98278 -278192 -523546 -321815
516038 215263 136978 88966 35125 -264335 -599808 559253 692754 371063
-694204 461113 82748 -223689 2753 118279 -473474 -35438 599196 -298893
231527 -604849 54472 25161 615619 -367890 36425 703470 377631 11664
493566 -508423 -654304 -28904 -31637 -496458 -363350 -244579 -795567 -533849
-188688 -267586 -23033 -482388 712016 110546 -697682 -353879 -279673 -331517
659203 -297309 -325536 168863 -619435 -588231 637470 -756913 151688 -57847
-491226 -502006 176717 -210153 523322 -590719 452314 163513 -215957 630639
113721 752263 -475051 -538382 -604910 494583 3754 -618698 572472 -243735
774456 368936 534455 564249 191872 -403292 551961 -567616 -448303 193963
-4680 -345863 271223 -253839 773265 726379 -632613 -394007 -654925 -192597
190417 -41908 -716357 -198567 -477112 692870 -456174 899 -44450 109051
-583029 -593140 -97104 278548 229099 286979 722940 -28610 166777 -580441
357292 152459 191269 11167 509151 25884 228130 464474 -371600 -583046
95961 211971 -725443 345549 -635386 520311 779907 159055 -690324 -90937
-263323 156896 356665 16752 83696 452777 -115114 386096 269560 -515119
787493 -670566 720834 298264 760853 -25605 645449 -112208 -477142 178916
252970 103997 -763577 643781 174977 88331 -59059 439919 420401 518308
-428960 106769 202155 307136 368565 -532948 223040 16469 170232 -457601
-689611 704993 -619988 -556697 -759454 -150401 11821 -154053 395785 539994
-785312 -142468 147867 761625 -230890 -289242 -436010 245879 569888 217214
-217560 280575 687282 -351536 -793181 -562173 24900 -697308 119302 -209573
-130718 453833 14908 251935 152722 469175 510363 589777 227418 -579515
682670 224636 -424390 -697248 144088 543576 -643070 -786246 -738235 -681688
-579264 736649 81836 134179 387791 -93084 119372 -300651 632186 -466007
-572886 -82035 270975 -512954 457490 -325121 595563 -756662 -216010 593770
-644557 -263233 -450480 -405532 -468572 -466822 560915 -310614 -287887 398110
650389 -477007 313847 611734 76203 72381 61046 124766 -63543 -709039
170283 238226 221426 -508520 358099 728961 431456 728518 319084 -768084
38967 -445233 697317 429214 -325283 -510597 -799178 -214860 769982 -649050
385276 605217 -512064 671089 -640276 486602 529023 119940 243673 -233899
196713 37370 -768542 361173 361571 -220993 396363 38330 -336858 -550366
693511 632441 640731 -289258 597141 679468 285675 713081 -365585 -285739
759334 219085 -645517 -75921 322521 -755865 798079 -262431 -526298 -140320
-290486 -331988 694841 -634710 -640548 118690 55322 -149214 -476549 -102699
-374037 -166346 87802 475405 -793325 771008 530762 567956 672896 -590569
-246169 397022 -102509 -49907 414306 242878 -693630 670594 -363112 -25301
677641 -40950 -241313 392154 -4336 280006 188538 598271 -777040 605822
138091 662978 -645531 711220 708720 -474169 270219 42788 394834 -374545
-695959 439234 90756 -667679 -702490 592324 164891 -99466 -590123 2425
-108541 -656637 106290 -703315 -693354 -623686 -451809 -658064 182584 560608
61336 -401553 -110887 218986 -341586 624747 -160116 -15168 344864 -642228
195878 584652 -262016 756685 526007 243036 -218951 412736 -598980 -61734
435670 -208362 -376508 25804 -12784 488973 -26752 -314032 199682 643194
-625882 41157 407930 664888 64514 427033 -263184 -95017 680841 391171
588258 -401315 539349 731704 -661118 385958 28588 -722410 242429 523459
501170 -448841 632671 -433136 380144 142699 -725835 -183389 371810 -34151
709704 -215849 -696612 -448303 304917 -50179 -19480 -421531 592017 -52421
-413878 522828 666258 425841 318697 -342193 790231 -602237 -5243 411509
-387308 708360 416581 -60277 310160 109911 -566911 454720 511122 -48824
398177 791505 -135801 249998 157426 -318105 -636774 -467061 -229353 -354146
-756250 -310356 -695692 298560 -583007 403714 -395574 -589246 8934 85914
-12914 -751011 -776328 449600 60314 561456 -548161 132331 17581 264101
-503623 681678 -480217 220862 589545 -212687 -90891 -499134 -673392 655516
374767 -465483 -656801 486312 217094 679466 714928 727496 -266838 246496
59360 -56112 273523 -775542 772049 354202 -303687 582408 529889 -248019
-428484 116194 -653418 -358870 264710 -654210 66618 -419386 256225 158738
635692 546964 728166 -65881 -212938 187303 -21656 170544 534923 -250340
596712 -19290 -132593 -558610 -33542 -595865 -116581 780609 -471526 728743
519039 -430416 774497 101037 -639181 -166892 -689245 243663 -555145 -571068
160529 -711786 -607948 -748602 150609 570215 -268386 413486 -46838 -277740
16296 706524 -68872 140357 -665434 600914 361782 287595 -723649 -734748
689698 738298 -689375 145296 586893 154913 284663 -41688 -225511 -471081
-443685 -277635 -613187 206132 722268 454202 -464595 -544181 -793234 -166559
-743048 32107 -273110 644812 -594233 -284754 51982 -425695 677950 409332
-73551 -450895 230963 412153 526653 275261 488907 761914 374237 -458871
-99677 -95372 229745 618645 -758037 715032 541988 -91414 -261537 542963
130135 640021 394477 -753834 727128 548216 -87643 509597 14518 419323
595045 -259679 630422 204254 -689620 -533815 -66138 468182 -480371 -744496
-139718 -343801 -250432 -285950 4639 19701 514024 -95286 -280008 -137849
367361 -625737 -278902 -573083 -701076 660674 -365915 -136038 454059 93602
-65186 476205 -6160 289578 -429863 -339542 582256 -617363 -142214 421878
516110 -679919 -587781 -745027 289497 492200 -554698 -51781 211262 553803
-557747 -116549 570404 -465522 314860 -734784 -229030 23582 85540 -570633
634525 -445012 357356 144227 694860 705728 -523312 31708 -413839 -738323
-3185 99846 752415 92538 602205 -107724 -317589 517410 54912 524205
-98774 731312 176001 -711442 225689 702077 376516 -220032 -482164 436115
604048 -1593 346966 450581 772530 258266 597444 -721439 394456 142793
535985 72962 -163737 -392171 578692 63829 369205 -347127 -425304 -37110
389583 741550 49811 198201 -566217 -32380 -69833 -99205 315110 426747
592360 454344 460994 -431725 -136787 557868 730693 -134634 -581191 540600
-754829 155864 509005 -292800 -137577 -529628 -339771 -219473 283044 278029
585892 48293 572427 -355413 -439678 -791055 -462472 11427 -211295 -448798
697701 -631789 -567951 190739 -459335 705947 322778 -373443 -243770 -798707
33111 -131339 -608024 196991 -365056 -372288 -23365 -292611 16522 146390
208480 292070 -202251 -608726 -792383 -495339 512533 -686909 -217391 537973
203149 -77738 -736574 750670 -301849 -184266 204301 674743 -178082 730142
-738384 -132892 610509 485414 -196510 -617270 485035 721995 -90654 -689277
-139667 -476078 369258 -271051 -156705 359056 294451 -203315 501751 -243176
201905 119015 -138614 -17104 -462442 -19358 -85291 59295 -45830 -439112
-497305 -782533 61485 605719 -43773 460949 617867 46683 -138915 -446715
34174 -679290 636755 -764063 612178 458806 795895 -180007 -258591 -424294
-222118 684529 -670137 -793357 526406 253546 645573 -198580 707631 -87527
497619 -799923 442042 -735717 286684 -121548 49614 -685663 -493138 -433936
184536 -587880 -618032 -97259 62275 -132882 71155 514531 458314 -504873
-519777 253467 784488 340352 366561 159833 -574633 -342265 327212 -430365
-356252 -471025 -388854 -695964 -659175 424816 98341 441607 -616789 215189
-360108 188257 485524 -632101 454874 -576176 -36168 -434415 431281 18327
-148217 709756 -420066 774967 97851 669765 141772 -328981 -361346 773630
-49459 -668188 -730124 326723 -595546 387087 612901 583328 401927 -76975
-498190 -214774 448101 57381 591950 -279551 40394 329148 117887 744451
-7110 -491727 -494945 -455004 360957 -404971 -33960 521123 -720977 792646
88944 -514392 326015 -499057 -448119 689414 584521 692705 74188 -694324
361316 -601352 741519 699834 -11582 640854 -681466 -148415 -374548 -581358
489478 -416610 -664383 264885 -656527 -10660 109141 254856 -552033 447236
-40339 -236258 330269 635814 -479461 -666962 313743 68088 319659 -79913
-568280 -9119 112850 -430918 -31179 689632 -692378 155949 -544117 -323327
210454 -676457 671287 -69803 -617535 237679 578031 290223 -410165 -241402
352453 -93078 -713085 436472 -662924 475724 671536 603699 -723388 282686
103574 150710 372714 -377316 679400 536162 -80359 -457970 -793596 196367
359549 -103807 723350 -417047 -277298 402350 -136136 -28266 -5565 505585
561949 -250088 777290 -333425 649955 302708 -506711 -82288 -598999 484670
97877 -776386 -380566 774896 653632 -278887 -515571 379509 -261595 102796
603432 -41210 539098 -552700 33698 -679595 -391121 -511425 -218268 -665745
642168 -744569 -107984 488527 248305 -198274 -112041 -679415 -218623 586606
429571 -779587 10226 -646694 603928 218372 189242 94043 666056 533098
317103 77614 499410 469447 647164 -244612 -633271 320425 -560198 -549596
-126456 -558867 523549 473399 68254 26804 458419 -301396 654173 -458933
571410 -328744 -609418 204659 260708 607787 -88670 -331165 -458317 -611239
191114 361818 434354 233651 -458858 -389322 468519 -214347 317402 -694908
-290649 -576256 676389 183511 -717200 -241687 -685370 186300 6712 55702
-220026 334510 -789874 -423906 244136 -743023 -650204 98234 577558 -797486
409524 -756476 169220 138035 -305534 201115 385593 347495 -490868 -505348
64475 -189394 534358 120433 -608968 -245656 495105 -74244 -295079 134329
737485 485336 238934 417222 409989 372695 -508839 -100667 -529551 212537
-715759 710730 116828 -760872 -433172 -381847 266498 -525179 63955 154143
-414769 481871 -215439 463842 293675 -670194 -54020 -625038 -44327 -240374
-323221 -39471 79322 715210 510879 278028 -161742 651344 -412527 232658
547178 -483133 -177218 26464 -697782 250465 -278701 219179 -576674 415752
345706 40667 -187632 641283 666196 -341078 -532765 620258 -538455 421633
-31198 763699 -254210 -146584 -215845 589976 345955 204831 106043 372594
357840 -586597 -524898 57232 -241587 250912 407932 198086 654963 -404716
80700 452621 -697325 -420530 -5521 412912 323895 633769 75112 40803
713901 352125 36941 -86806 619538 -323045 666321 472801 528689 311174
-42628 -681169 410043 -269895 -640984 661045 -105732 -119946 168895 -200233
-610824 -585633 -663687 683435 -726898 331875 -387052 -165605 -787778 -653323
716585 422642 -600849 232270 749752 406333 111671 547118 -658369 446922
-157950 -637196 -141750 745834 548942 -520047 -47549 238684 -264563 531213
101771 722069 -141611 734613 -191141 477058 -774298 74694 415668 792547
-560154 -47131 9203 480719 597391 -137477 73171 415907 55957 408449
-233571 -82783 431515 404236 -14276 -565658 -409468 645345 -303263 -114948
-246967 669620 -205965 -668099 -775796 -218938 577095 474769 323730 226783
-193895 74920 783608 281058 427845 315290 436766 -295470 -361526 -159167
-779650 -389378 -423347 -788240 769129 785308 216946 541612 176013 -629548
-239935 581145 -751748 -665028 193030 48081 189444 122168 -281092 -408169
689036 -724392 632361 421367 302579 110014 -256221 -686520 157539 7683
231338 -542277 -578946 485009 -773100 -16609 217568 187755 518232 452984
585847 -762217 476553 -304390 -583562 268000 -704970 292902 -287791 -353640
450372 419047 166137 -596192 576235 -424395 352128 245125 463734 -749151
-223849 335690 -719100 472439 -763417 -678761 329491 -388729 794202 -548239
134129 33443 -246177 -655255 -214699 686310 411145 437029 -565695 -156309
519941 338608 64816 624329 686272 715756 -457714 536776 -602019 394957
468954 -207048 149283 -506866 -51173 -328336 -678176 -456237 -406474 402450
-264843 -197471 376474 679180 -518881 380204 69462 -798116 408196 -235460
572180 -615627 623489 -743018 71882 754254 631469 664122 -553106 -188987
-769717 647821 54262 796905 637917 652033 -181630 -625543 122100 -311587
763954 -6574 59377 -723163 -186542 769156 650364 -98946 -604702 -16688
-130249 53731 386102 -542966 -768833 709219 736588 -364367 798604 276437
-392674 62997 -222338 148330 -232875 212944 371405 -721591 783435 183820
-12767 -621032 -239369 -248291 732687 749607 -541313 516666 -160299 -791228
751247 565479 -191635 -484915 -441304 -186517 -137182 29280 -781605 -222932
-436532 -418347 530796 767525 721292 -626033 246718 385988 -88477 258845
137636 538259 85604 -696285 617384 777385 31856 -439538 360249 -779101
736850 -574016 -713017 -621269 451052 492926 -533164 766813 -536122 -246082
-689737 370517 -355176 -163295 103527 461068 308954 -388357 -737021 357204
116538 227048 -336633 -136652 118219 -7990 -178924 304676 -691340 340292
-10230 -681500 353169 -426972 352477 -549557 303350 -8013 270699 142967
319438 599234 777719 292856 -731526 -246922 -220184 -606662 -630900 -365738
355680 -234432 -194728 690414 720858 523286 -767232 -609156 -149339 -296497
753943 637817 231482 -364865 -362282 -155484 -462935 -293418 413379 -196032
-597166 232296 -31695 -762751 297915 -92557 -268681 123366 -28905 -621156
-675086 777284 -526516 -50575 221161 756591 -262760 572469 537693 441403
716257 81050 761679 546144 -228720 237052 91321 485895 -91496 -526735
-564094 -565898 57220 741126 717067 -727545 798696 65678 565425 -752167
634992 -751536 608374 -384715 -786990 648056 296320 -139965 95608 -292957
16242 -144369 -101802 -116674 -306963 -70663 -314207 -317357 780628 -529989
-747959 178326 296408 627714 -721668 143317 354152 218386 397655 -91433
-97922 -39019 664395 300996 -125682 238522 -542106 303237 315602 -711417
424081 -783527 -159461 -307209 686104 -703277 -759558 -751027 -168563 674009
552179 173672 109468 -547124 -344866 -503212 450201 631828 -736106 -325821
-658798 -131715 35856 -541895 -723483 -645268 414503 -270507 -382145 -39195
-419335 -689994 -715133 735102 -314356 136032 117942 249588 191636 790710
433482 108520 646463 254209 -581809 32865 171165 -153475 585478 670278
-59406 701132 -656374 269736 588684 321864 -598046 -200988 571668 -360497
-332249 -427783 -725966 -101424 263325 593715 -356386 668946 -280915 413776
593744 690845 -724883 330377 -288014 126039 -649709 -139354 766482 -298091
414494 744508 502582 399274 126151 332120 73901 -451164 273749 645790
153599 265223 -13353 -503889 -676842 261627 -142974 571101 337568 52135
641378 406219 717335 562880 486507 -17823 419327 637228 -648418 186539
90023 634266 474326 -85854 -193720 -316081 -443992 770489 -539680 376085
16457 381196 -752813 125254 -3122 799877 464480 366121 -235181 -154383
235747 -100230 -797801 190483 420481 324080 -266140 -343525 475208 -453947
-219318 -329610 381749 -112169 797859 764167 -239735 662236 585490 397316
-263709 507721 235204 -382901 632496 636690 403105 -438791 307494 -334795
375889 146746 -234420 656156 423524 678337 112826 -577958 208487 -52656
36549 -402435 -451934 83134 536703 506306 -597155 356456 39331 -390194
-608982 -475946 -126235 -58535 -195249 -657332 -203179 -8321 -568615 769675
-601189 -575223 -541179 106666 -572259 -427708 -29016 -668691 519643 61251
215865 -98059 -75465 -599848 555135 -391640 769077 -540575 780969 781372
-401449 -452810 -487798 562699 -7646 -404791 258557 -424063 -651248 233988
668231 628276 -313783 650048 -749335 -388193 -89783 282438 92935 562253
-354100 -370353 364700 672066 238679 702098 -266722 -656127 -323727 169517
786911 -690693 187342 -783516 790905 -572647 123396 333581 377842 15365
-167762 335562 499669 -344990 182743 -787896 -454003 -245582 -597631 380673
359512 -663091 -259680 -474815 -44010 -34272 -629121 68151 682930 603254
-297039 -161934 727407 -257745 663521 57890 -89696 -264215 -625984 794504
780646 -508601 540647 -726909 -49688 184432 -569281 574469 785978 -15877
-691009 197457 1699 375469 259445 -17600 172086 -301295 -180511 156081
112640 -582575 205148 -427724 -549689 165368 -292622 786271 -666046 210997
291189 415763 -689104 618040 730829 -495434 -677590 -530780 -34158 -280332
-452576 459492 764378 776199 650387 -645867 -768301 98964 -334246 -353894
3374 593246 278130 636209 514238 511632 233663 298519 535727 367719
644849 82783 -774199 -338437 -372534 444398 -362818 -354151 -365079 781735
381238 -124214 431861 -403 -53615 649814 -124560 -293322 -178553 -137742
149243 -506062 -724024 453149 -578641 429896 201092 354463 474743 -352131
15978 -203887 -115514 89292 -503284 649095 -606760 706263 85709 347231
-337428 -684414 591522 -356963 -445410 -764422 -209511 -582712 -475246 -573982
-306936 -624077 -416662 -309338 139377 -467991 209585 -409198 -259904 -115494
-620859 -742572 580195 -530312 -708074 678592 -645169 175097 -335825 -722339
-291916 -630005 -225082 487188 -503138 -279680 433754 -637799 -296145 120240
63319 665765 -25010 86433 166431 -501240 -341641 25315 -625572 -365164
-26783 297464 -350186 660613 139156 167588 242857 610231 -452853 742416
278361 -377580 155714 -137021 -224593 237331 -552958 431785 -120608 -310573
79395 -780515 112287 541795 223797 9651 723579 246297 474468 604394
150930 -696945 374071 -672425 -23847 431816 -3578 -373562 -211343 756802
80824 -413429 445089 -154269 713801 -160862 340445 -667266 -94476 -346604
-117489 393970 -790170 -628404 -411970 -66193 188253 557393 695569 -621518
-179923 492971 -483378 -536764 -688018 574167 723042 -462036 362394 716899
395457 305502 587250 502317 -266094 -254287 315404 -347892 58451 467618
-486489 739489 704139 -729139 201759 205466 41201 -113113 373379 -636009
-272022 -690769 -267552 743732 -169416 411429 -483955 -771772 419921 290082
-531620 -779762 -716798 -240303 -513902 470205 -536315 264971 -44498 272766
-731070 -634743 154008 49342 764394 85009 689712 698871 595802 13071
-195484 -487145 -739763 672731 67795 -485112 72505 -426472 -460808 198963
649853 494855 -519349 -795118 564714 -459518 -50608 683145 -308317 142162
705059 365796 -498475 279552 215885 473729 131546 522766 550221 355034
688242 492907 591386 -36961 -285306 775000 -84656 546734 281751 -793174
22249 -159640 138580 -793809 14512 2987 584754 588249 265567 372970
-197398 -636443 525082 166248 115087 -103417 -542058 -238510 -388923 -256513
415875 779184 6401 -322984 92156 775796 -314325 445451 -588601 -361785
-3576 101585 758002 77749 443587 -323216 48356 -413002 -740913 564242
603534 636999 -502343 -185399 -519315 -643898 136735 436179 -527032 46090
234743 -68905 589390 -344878 428692 87659 -522505 741147 328548 88455
353403 323488 292423 482592 -244740 534369 -756830 -90324 237734 -53788
613541 52124 576742 664595 183635 -68519 555155 140830 500916 753478
-248195 172179 -50358 245640 357665 -478219 363126 420293 -105355 204441
548783 -665098 -786001 -451518 -177489 110724 702914 657926 25491 -390182
-770588 63340 -676927 -440459 407239 763732 361958 -647317 -335991 -474040
288472 640489 547410 -377840 307268 774867 -694150 -650209 686369 745140
631477 -507081 591018 293765 -244905 -652537 -744626 -15489 34004 647157
-222354 -464365 -24564 491069 -349172 119679 -710265 -612442 -582257 770555
69061 -406363 -234301 727652 -261079 -357252 752582 485771 631402 -681962
-117188 108743 -719443 -657727 -371880 3661 441925 -280405 -285316 -758301
-10222 -421604 -525276 -349413 447194 328628 -412796 -507168 555664 160953
208872 -617125 -7519 579185 623413 -414591 -304288 -28468 -286931 376168
458156 -409769 783627 -664463 303204 123213 150246 -715586 -142887 -94494
18164 460811 -316245 332131 568871 -725267 749478 -601656 -611086 -32039
-362749 107096 -744956 -55595 -169140 747673 216007 -774245 141462 763541
-712199 626249 -49621 -508540 105831 -570600 -6441 -131973 -46093 788619
-685268 63843 716646 -637291 -634210 519568 278354 -763710 -565452 -777789
-681954 564259 -368433 674023 -273153 618461 169272 -129527 600519 -196190
-581782 117803 736504 -249850 226837 284762 791352 375229 642643 697143
531031 -546796 -525628 147843 533139 512160 286133 -190801 76619 -376799
-183805 -401550 -618868 -767290 64596 -38804 -765186 -371527 195337 -98177
375692 -480623 -649549 3907 368613 547509 -725141 347681 746087 340489
-497580 -354307 -141976 550988 555198 781889 -398115 -180606 159495 -346645
181358 -465309 683797 378069 -531798 257656 455300 -253942 418491 709544
-286721 -344606 -278962 -281495 -690876 -211428 232342 455032 464395 348832
-421032 76786 549861 690075 -15166 -257749 -249988 -261921 -92571 -558331
229107 214776 -756428 432837 216393 441430 -108147 -341643 -520326 110601
-464507 -239982 -42003 -519153 -564104 795052 275754 -237801 3740 -101947
662081 -775537 -658978 -278575 -548996 -25486 624012 326291 239321 12779
-276325 684833 -69214 -706830 -763373 294122 296733 274808 726308 -209449
-665185 -732074 -549428 693039 9120 -59600 378501 92247 -293529 265444
475761 -157902 -454698 155018 -735567 798971 -674980 237629 -460225 492990
-194607 703197 -347049 504888 -43006 -348221 -454675 -638995 25352 146956
-53520 348023 -697017 188806 624678 -311884 5071 -714612 105042 -195746
-403913 -384228 -552682 -255552 -283746 -658302 501610 622816 -291727 38988
-262929 174372 646324 -516064 -534927 -390451 -679097 743935 -545041 -106521
-765378 285666 -32964 -635840 -684338 28251 504019 242682 -42867 -667177
-491275 -722269 542150 434026 -787649 705701 -783995 783026 64241 -103263
318382 -614322 -549363 296171 390099 283562 136405 -240189 -779543 439630
-559619 -79365 -797176 -145671 181454 -586479 717623 752064 -290873 -176341
563509 541964 258839 513398 -590987 370986 48888 -578669 438561 -548594
-437636 -483539 418287 -641135 134063 -770611 -491347 561162 -111077 -128494
-697566 352073 -344937 192226 568202 -471494 -498907 -186606 -569012 -636590
623919 -680979 -376616 690872 -560186 -332406 191896 -766068 508110 133257
244924 69691 -56579 -628773 180306 540352 448858 -758139 -468064 -217087
229277 516871 726509 364255 420156 330225 43033 -327521 -705750 425359
319289 -670624 -15240 89355 50987 352976 590284 -246158 -319056 113206
-296593 -218599 -322842 -512262 -168672 745350 -749797 239150 253508 549817
61974 298638 -412146 -773893 29314 -44490 -86442 180393 327685 515823
325223 -543148 -48464 7534 -530478 -180577 689657 773635 -457847 -255588
725295 -291223 -552 755252 -327550 -141024 665535 -480221 511248 -281967
192541 569443 -613068 618372 157839 588944 -611493 -71918 258972 -36163
-375322 -470036 93377 -337270 166275 -727498 686654 -30272 325901 546700
-540344 71883 297139 -143201 501238 45427 377172 -183030 -559914 573665
-151722 620103 85587 -31553 295178 288924 734280 -443800 -313174 -266320
-385027 -771423 752753 404741 172202 546827 -364350 -257492 564236 -771928
503460 691078 678417 530705 355780 256180 543184 -404765 -739053 451976
-557317 585919 311762 195355 -683554 -482383 289341 370439 -446853 341347
376159 45 664064 -598898 -139072 24971 -451620 563524 229470 -594047
-60952 161121 737371 527293 544519 178762 -88297 -404863 378155 -547759
-769295 487510 593752 36779 -518137 -272763 -777857 542387 -199622 -487041
730399 522072 -258398 657515 301747 337940 -457436 -152990 -439157 -280697
-620732 247972 -254370 265967 528026 354049 53562 -761066 290630 277766
666547 -680176 -455247 -143090 -214500 -390633 -367500 559210 -518005 -625602
-398365 32991 301042 -458161 365521 -534418 525578 477215 -50574 75316
-360160 -625681 442365 -323004 -794658 -578310 175239 -275208 -310275 -199340
-402410 750596 765343 508744 -73170 479895 -379021 191256 695410 521318
-293325 -196939 222909 -9939 -141804 -388548 591618 539457 524232 590212
-94254 639012 -154005 -756046 -534071 -48683 -784568 -259078 392307 -675727
464832 521500 380974 -570839 617177 288702 280177 -560870 -46847 76032
24211 356741 -172730 327119 164511 63285 -207848 610619 788993 -723367
366567 -67061 22287 -631554 609373 -399614 -448956 405649 -261905 -578591
720072 45110 557410 -271301 96603 624555 -160603 -560097 -798408 156789
-576047 564854 558466 -651634 -715653 -593791 -688670 -372073 -670560 189511
416202 -316552 290685 797689 -189599 171757 -331460 674146 16767 -322310
789533 -202428 -59019 -735648 351754 520747 -428213 69998 413125 604619
-704499 -28885 603348 768017 187743 -654655 -182988 -487572 -453110 -368041
171888 670328 285326 101644 392996 664604 -3901 -788566 609629 -744314
364193 -65314 629025 -7930 93155 320041 -123008 268944 669390 -352602
172322 638751 88011 512986 -471603 -793483 715678 -410343 651979 381889
-632579 -527369 -664315 348860 426027 134934 717278 753233 434104 280883
-594603 96938 -159484 299993 747981 -32637 -315554 -12229 -153857 -281040
-448109 113913 -507151 -636608 -659019 -717526 -357677 613613 -375960 -57326
492624 666291 95914 673027 -9554 -403951 -50383 -24437 143740 574103
21923 180984 154293 512874 603093 279636 59012 777277 106500 357257
-104820 -307600 -454551 628512 381532 716387 -433922 -774591 533567 736387
-163211 -288280 -91947 -15526 -303813 -241371 298272 -640447 513115 130867
478089 -719728 213902 96657 -780482 -616923 83506 388879 684986 418562
-351176 308891 422095 -211636 403959 278543 -434779 -96098 538844 -490057
-125146 337307 684144 76634 -677834 -226011 -213053 733883 252811 65306
583312 -50157 -259414 618899 -664708 -226574 168088 153295 -248377 -21221
-251904 -317544 712840 190309 25962 685013 773123 6289 -420147 -248022
212757 -496891 562256 395792 466640 516335 602713 -257346 255852 758755
-681676 -680916 -299166 -250298 255110 682802 96313 93977 309893 -162994
-120336 262756 758918 406249 -174042 492952 -254004 441128 -545492 135533
-540481 258099 -766709 -52611 654251 -690227 -580805 435383 -549638 -479880
673576 225300 -731253 -391935 -55796 142441 -461773 62021 -93787 -345277
36768 -783017 -493740 -256849 -194524 -675155 455631 -671372 -299384 797673
269606 -101877 225521 -257246 -548017 -262732 -289209 97254 -124830 -409459
587759 709434 507867 434220 -573248 402390 -206098 161397 788241 395383
787331 -257633 -238455 646855 517 -362212 -657694 -77678 623418 -93925
-673487 -520640 -276096 560530 -424564 -399002 -359506 -504193 732358 397879
430432 517336 -251407 -261401 -262387 71429 302809 256731 -403568 587817
-225731 -277938 489163 110464 457125 -147332 -573921 106541 -20487 683500
119050 -792477 -382297 496208 670938 -649586 -227820 -145985 -395332 751195
-300966 474487 107416 156626 -333345 312138 -133097 84616 -365749 -688152
-571618 -322585 -674707 -566857 2420 -44018 -204466 534448 105189 77891
671840 -254504 114491 -534743 -635400 -754890 776361 -216815 -66929 -99319
-101401 713320 -490444 414683 -280811 -518841 -735098 662657 539090 -640198
24334 596154 560485 486937 219228 423183 273094 -704133 -113014 567767
582752 675492 -692274 -50707 -22001 -761819 -206930 11390 582005 -11435
-81113 -330873 338693 250328 320384 -667606 433511 722136 -755478 402404
-249147 397912 -618699 527277 -678314 -599278 471985 -358223 -683481 743604
-581048 -594700 790399 -555267 98370 -108700 -711810 -711624 3497 270371
769941 637152 -177065 -431703 517725 -534817 -115240 -230564 -463101 195774
73993 -225161 -733738 -608671 -642555 613623 563200 657268 -173470 -154887
-668569 485780 595213 -521608 -389452 -620699 566795 -225086 248101 -742331
-790153 -611068 -173457 466982 -139893 -760481 718911 72234 691773 -302928
-601312 729868 378145 -693811 -769164 700459 -211832 355938 -477425 -724211
-158050 547544 -185963 458647 474929 -1383 -759532 747741 -263093 -337917
-700749 -455811 -621272 -272925 106552 210091 655949 -91940 29963 173776
-94581 -682421 -764906 490355 527227 -142989 -414392 -269703 -68951 148869
-712242 -417217 -417489 573145 672070 124681 311701 759344 356336 -279980
322561 -275132 -64296 378933 268452 139486 -102865 519078 735717 734692
-342848 636610 503669 265807 73276 -192126 225965 -126238 281189 -193016
104901 -217469 -138845 538590 -293273 -592727 -661143 -150850 -707370 -62704
-722690 194091 116621 -702993 318131 -297670 -331899 -522903 281951 293665
-786556 367252 239375 668610 417521 410744 515401 404331 -297373 -559647
291828 654373 528839 544065 423693 663958 556417 548138 -512621 -123327
-122617 294116 -70419 422452 -219975 -474524 487875 -559201 436586 488649
-394788 207265 481001 492207 -437786 195281 -329925 257078 -697297 219460
-301915 -70286 229476 70593 561338 -280799 398882 166603 645769 -741643
-655665 -292216 737253 -222074 610441 -761285 -169157 22052 381010 -616686
341712 -277746 -464256 233540 97161 186218 271998 -563675 -84414 146757
-120454 -162614 254877 -744641 557846 -795394 -60705 -106177 -683119 267774
350403 -483480 -395799 -524508 -305775 124893 352345 -515842 -366654 714876
-157594 -542032 -100763 226957 331051 772964 -123342 267697 389870 482201
-421470 -539445 -642508 -286814 -93731 322948 206480 232773 417098 -544469
278558 -271189 -403564 -631246 543299 121847 260034 -139212 -713028 634299
-12937 -699986 639791 -791467 -588060 654301 -298620 -620614 -620748 48375
225842 -329310 592669 -580367 279354 -600545 65320 681844 384808 -364582
-194321 -504799 -580449 -222287 749538 680284 -466149 774501 -624769 502551
-590711 -174551 -284154 293022 -722188 -728976 -391323 759888 73779 686596
598793 -715141 92865 -436547 -459892 -112900 383266 372865 213941 176685
796210 -526611 -788413 -91452 -225667 -164301 704000 86992 158050 -276732
-451757 359854 -658387 -318718 656932 480507 -587900 50260 -516550 -695060
256162 -465121 252279 530201 20888 522601 -9639 -230421 366744 -339270
-108041 -601063 -547917 -135384 -523959 697693 -59725 43766 -628204 -453012
-677884 596691 594437 -63342 697671 539393 250006 371687 663330 796428
-665537 357862 301369 -302412 68922 685455 -129082 687249 -360584 -581235
-749253 -132435 -513817 138463 -714104 -139317 -386003 472719 741706 -610743
571643 -307837 370362 -261398 -224816 -267214 446669 -522141 526262 49958
631285 681646 -596808 795808 371235 -592303 -120788 551244 -150911 -449915
248790 232993 -256263 401655 -180541 -164917 767262 323382 453213 153239
-506024 632422 518065 -20241 -600745 -415316 336916 45473 -322652 -658191
-102533 224455 508919 276521 513438 606239 643 -315630 703973 379316
-179281 333929 384599 -141205 -394250 301608 539739 -769864 -284009 -798721
673304 669953 667521 -367020 710456 -756074 771480 39036 -349803 -429061
-37953 569977 -254977 481614 -103583 226719 310400 788489 -638405 259522
243434 624116 624373 -31702 -243384 592466 -587551 -137072 509142 -781956
-83841 6277 -355186 -533783 -248077 676679 422141 -152711 -569998 -149270
148776 -794055 120772 -178728 209029 -463267 15261 329521 -500270 55323
-672732 704377 -33717 -105661 -614070 265964 757335 581625 -480808 -535431
193013 -302126 530169 -109823 668270 199600 -480027 201864 789441 -567493
412125 -9617 -131342 -150641 -214751 201336 -422654 685536 -677710 610389
486596 -65496 336084 356039 -201264 -295503 -367360 299522 -798965 -173222
625093 395502 -351008 424899 -87189 521243 213250 443449 -508267 -273965
-299267 673837 363561 -573292 -612841 603716 162994 -510890 474656 55738
723762 -400473 14750 670356 55763 244047 -386402 26485 -592811 377951
-537160 182882 -62914 -318723 116070 662163 -174671 160759 -42559 588452
198601 -27588 -114489 628696 -147513 -696913 -438023 576783 401373 -436607
451525 -741397 -10580 -591556 -194415 725320 -552607 616941 -480678 41134
581762 23173 -382219 -639097 533983 -289417 -396346 -767958 449478 539599
25708 344197 -152629 196495 -196544 -310773 83610 -485874 -329756 -516880
751664 229406 573467 -759492 166549 6516 -2802 -118477 -370511 468822
549076 -710216 -627897 -453382 -620139 -270616 330542 661815 80632 -232193
601592 -265217 629149 440740 -615705 -487371 -666512 -266146 12230 482220
747599 245641 -266881 -154644 10009 -665491 794045 297549 -616543 -457660
742059 665919 -650197 -774162 -348418 425790 441118 -83996 641527 -270369
664432 365185 -53359 -153956 -695836 -69836 -40851 220566 -537162 -521149
258300 534119 -272757 797180 -302972 -451004 623746 -88104 316472 -403657
-746943 233952 -389339 -526852 -728716 366331 -534746 -319177 -789316 -390858
745769 351520 -789915 -366075 12301 672388 -248489 288141 789291 332025
776105 -170097 -579509 77484 -20994 682052 -9219 -115811 759411 633765
498128 -494749 -371412 -493087 610469 -319327 -544799 -156512 343920 651046
753850 -40562 -749768 -565639 699290 -50644 -796994 188656 275376 315496
623728 -702741 744318 33667 390254 -222546 -151595 57614 121930 -572530
632933 702571 37104 -209256 705594 -162289 -269664 130474 324200 556289
-581805 171549 -468872 -418644 654073 580984 429473 -96047 -585979 222090
222429 -560230 -392827 -668387 -585997 629335 -534120 733208 795713 695828
122253 214608 120502 -486301 -220648 -540027 -108362 -669672 -563145 442904
-129050 -77971 -467435 149740 537313 554750 -87295 516739 -397147 -41102
245499 -271109 420890 -183221 -55886 742090 696241 400199 -133432 254525
-64986 -615173 -288188 767171 147631 -692981 332741 -162668 445363 417808
-61577 -256745 -52789 -172115 559454 341911 -759452 426420 -598142 -83948
515501 495643 16543 -329214 -780409 -767817 562872 -746090 -344265 125208
46480 -761649 573271 -669528 -536976 719085 -321784 218454 81125 41018
-284445 -236186 449299 588319 152892 -617526 713281 -470200 321381 611680
681646 228989 546405 267472 379271 291585 127036 403042 179664 -262922
599867 330537 8810 345356 749387 -442081 764714 -556802 -496398 531541
-1599 -740401 180204 -635806 -746325 492949 125115 -732585 -135472 297152
11833 795917 -139376 -692178 -653467 51064 132877 393750 650468 -120620
762667 -67062 367765 -558855 19844 176501 -226734 713179 -213817 -122156
31644 528991 -737425 -571431 85569 448542 569730 -143375 627280 88898
53801 -193716 -765541 136157 -640144 233586 27891 298055 637694 214951
734928 -254248 196080 180745 -780637 332340 -276979 -550401 364879 64680
-558729 -46597 -524231 344256 -730176 306918 485239 -618239 -586304 690016
238121 -470760 5890 174645 -458591 462623 -723028 -257354 -447407 786601
429257 -95364 402318 522800 -255814 744221 -675534 -318663 -747000 775875
-6679 -295166 -647583 418864 444039 -186913 48556 -246313 -120804 -34374
463922 -658462 440776 -501551 -356165 51380 -546508 280303 350234 -546741
321917 672940 -167636 584 -609534 -731179 715414 -461880 451808 118829
749716 436534 215878 751592 614720 268390 -671787 325099 273474 -795462
452878 540344 524935 423923 -88154 -714213 202985 -606110 799236 370505
-677403 -107868 -234631 542955 -424860 705477 392185 -718674 -73598 -145211
-741880 380541 672448 -240681 417090 -449986 -239992 567878 92813 675334
-720359 -51689 316239 686120 191501 740775 410456 311334 -54936 -155599
-546044 192429 705774 -279008 -470253 63737 -196901 -36545 -105664 -601398
-33938 -709267 177189 258796 113880 -704927 -52190 273827 720893 681520
-335821 -284178 -523462 -196411 542814 324717 -87310 -786862 267319 77550
-127770 706517 478810 -515279 144294 163141 668203 -764855 -506795 -63316
216895 -298721 659638 -126826 -491079 -445921 -485838 -205694 664267 726988
-5162 -301629 -680461 -592857 -437871 -204739 -191217 -778981 -344062 -793943
-526199 -679167 241140 121792 59865 267040 179570 230023 -770694 41371
-532061 -518085 -447991 -386113 532772 -613382 308405 626596 174974 383754
267132 -654751 -591781 -141094 476067 269991 -663076 31080 632028 84596
571107 55136 370978 -36911 677013 -153715 -152840 -358380 -786045 347786
-153897 502504 -590645 -172952 3062 -393576 275564 699414 474973 147840
-226413 342941 440577 -602284 80386 781585 -720050 436738 118040 778233
11200 -728739 654551 193109 738705 263289 687690 -772873 -706233 594831
74812 -16157 -674819 326086 73147 -552306 23739 95912 206637 690316
441265 452152 -523072 -319255 -608660 788415 -12274 489415 795442 -97008
753264 739897 -335218 284639 413178 676394 84673 -30968 577699 779082
-405147 798744 -221431 473435 -564267 558683 -497287 543738 57085 747966
-262803 375048 62289 488282 255640 111956 787783 257850 -72272 36514
-6061 379163 435116 531805 670148 477725 -671491 -488340 -66527 -531889
-437687 161108 26745 -587310 494789 246197 -701384 437441 -756789 -84099
574568 178353 435098 -567133 704487 -29047 -401853 33842 698962 -15429
283041 534670 -56973 742024 314911 158807 102628 554446 720745 782392
-284339 -659929 681621 552923 -514011 -515175 110225 52713 -624581 -558350
-244373 -557697 515146 -745446 -111097 733122 -265206 732425 -175287 -497288
533682 586732 -214461 579906 -4441 -713725 716823 91432 -725431 71229
-587175 175445 -543183 307776 114581 231565 28417 -446306 792887 591084
-542482 -255690 -569163 -644976 -675678 -2672 371945 -738180 -190299 474055
-798492 -789527 -420436 -676344 -519615 479044 378705 -423895 351943 -457546
-425600 -261443 194495 -292385 -333389 388967 -706912 -252045 -391795 49788
356106 533493 255147 -536312 403667 -83331 -606786 82274 306393 248185
-635680 -282141 -545332 -138801 742106 -102603 690090 476263 783024 696751
732349 -56551 305690 -677465 -113638 452199 27862 447827 -183964 -96541
-383062 497112 22591 -247241 586453 714885 366958 296929 -702388 541395
527313 -708776 -498555 -441921 -715640 347691 683746 254301 178579 -620334
-648481 706067 -214841 -778638 126217 746453 203965 465553 85603 546544
363380 126451 22671 314746 -211505 -251093 -233437 461397 785626 -550857
237043 -535343 -253271 -313713 80613 -187261 -521157 -471963 -437077 -13430
115251 -12159 68707 486082 266604 -724931 487023 392347 221830 -486337
336143 -103127 410196 448877 -291005 18406 587480 -324273 396645 -633325
-489273 586862 73833 501556 17687 -248367 -592831 775214 428527 2179
-26859 133825 -760958 516421 -250326 -5439 -623918 -548065 -128516 -597440
437538 -601301 516127 411696 -459250 682816 414094 -377992 454773 767338
352973 -154308 -206481 60410 572171 -637325 -201682 -245013 721326 565786
40045 -511527 -117966 184668 422489 -775349 -570858 -283425 -429777 24383
-365633 -18693 -764215 -114417 -108397 -543411 362551 -2961 -130187 639229
691235 -35250 -424017 -283496 499522 633447 637168 -478748 215899 -359893
-112769 -716786 50304 200251 370422 278243 -564210 -558055 150532 -683947
576955 -333547 640893 496240 -647554 -171451 -452919 601382 620423 93580
-259285 485071 -372582 -57576 -740657 651808 -477416 -440467 -446077 -485261
530917 353344 682024 356289 -59444 -577616 -628621 605801 -289131 594455
755023 -112646 -190439 -269636 305803 580003 338634 297707 274597 771719
110562 784291 -436850 77423 -412368 334842 -160989 -569487 798941 -541312
626583 -153633 401129 770207 84903 -504599 -749543 -312153 209293 -387742
305436 -768371 -729383 206825 -419254 -676922 -367583 231800 -575233 105604
-737225 200625 -5401 767406 684312 638625 -145996 563058 -617700 389293
-678719 393956 -782592 686704 -654372 -178077 -433818 -355899 292130 154277
-261071 597766 267053 52773 -498797 -215638 316697 382861 -548300 -681041
784629 -266213 -14111 -19931 -686336 404108 -598698 -702975 -369455 -138728
376938 -525841 152806 347967 -14170 -24775 -191097 621999 776362 730662
64228 -419462 -715506 -480733 197192 133617 415615 714976 571146 355849
261319 678489 -400571 -740632 92928 12519 -97552 95084 -299805 -511450
-192794 -696615 -679869 692012 -558706 -700500 -672481 -78134 -575097 592790
35185 -580357 165994 -296715 -21307 392057 -584698 752875 336698 330354
639432 -327396 -735289 -781354 121870 -118419 496655 562515 503265 657094
795097 -641739 323947 -570437 707628 -637784 -566838 500045 213445 -491407
-318903 -407946 -779300 463451 -488671 -586477 101801 691354 -77133 418808
-69631 250422 172567 24684 610142 220495 540205 -551650 462672 -591779
-719886 -700469 -532789 -238080 -465205 -127197 -577218 -631852 -112472 -649634
228937 190961 582541 439519 -541674 -346097 242848 533172 -779285 -446145
-432527 -504213 794680 -165095 -608709 -158801 429773 -360528 642306 -417151
-501520 592997 -67256 400984 -796101 -132451 371907 -614508 325610 408774
-509724 -122937 -787249 799678 515934 243445 9916 773789 -354054 -408370
-471975 -20699 6867 430854 -351117 -365106 700144 -234620 -521281 6948
279718 410063 -357455 -423044 610713 -514203 537743 -443003 -690362 -534032
-158140 50199 -731887 -390866 -703874 -757832 -286313 -272814 762813 -651566
62862 -797668 -418928 232036 673022 380288 522486 444404 -498480 531135
174112 -468211 -168268 483355 153358 788525 -772546 -399362 -214391 627498
-271407 385088 -47930 -622760 2638 454539 541854 -595870 -682017 155751
318920 397261 6738 639316 -358989 42575 -463803 236163 144322 -448059
-590264 -360386 -765835 -798079 -530563 311023 598498 376014 774335 -708943
-612291 393237 79702 -787214 180633 -555020 44399 776761 183336 -748894
-755163 662369 -716241 -214645 75682 13785 -588123 -790837 669002 -347087
-668391 192058 665089 -364225 -82766 685890 419792 -117133 -456305 -240828
-565279 178049 -553339 86910 48270 -555363 -415144 -269663 -73040 671370
263648 130038 -351838 775052 755533 -424978 -333166 -749333 -620358 -200662
-189542 473894 379011 596926 147923 784942 660881 -165574 229680 -203251
41891 380753 -501960 534618 -733441 -738713 718050 228419 744027 183621
-619040 -357415 -325399 470836 -416170 143153 14189 -222646 490425 -134818
-648719 751494 730063 -642052 47704 -552111 -207311 549366 120934 -217993
-370023 -414843 -477694 458077 -126158 462337 -707974 190776 335300 390676
-251526 480103 -451822 -520165 -604191 -512065 -726263 263934 210484 103791
-716160 339398 593833 -723557 -8149 5962 554435 127032 -597992 -135204
-589446 448419 199611 -358233 -720505 134596 -194137 -532087 247283 -127016
72845 -336719 588630 -328429 795593 -465677 133743 -318139 -430142 209126
-344959 517683 125682 298801 373466 658978 -681545 187434 160586 -631263
-539265 217031 -60709 -359682 -770375 348002 -37583 631449 186088 -760251
-524792 30280 594143 309998 -455907 -562104 -670551 395589 360800 140794
218320 751488 307416 585853 -50168 288852 -305464 -340565 755171 -32966
161238 311254 -449982 -481510 52154 -647205 -612758 -397 663491 599033
468811 424507 476402 -88643 617346 -446957 372690 -261406 209316 -31930
-445635 -157874 123457 -708622 665159 -769839 59514 351552 238652 715254
634022 731167 -525770 348257 361365 -415229 68668 -329063 -420076 -466818
7663 -731440 784702 -196334 448247 692797 679359 -351 -500461 -335613
