400
190
216 217
334 354
350 370
353 373
42 62
212 232
194 214
137 157
249 269
189 209
144 164
74 75
81 101
146 147
313 333
171 191
250 251
203 204
122 123
243 244
55 75
289 290
363 383
97 98
253 273
183 203
361 381
288 308
257 258
205 206
168 188
226 227
10 30
233 234
29 49
272 273
135 136
251 252
11 31
388 389
90 110
61 81
39 59
262 263
284 285
213 214
90 91
304 324
371 391
340 360
172 192
342 343
38 39
353 354
54 74
35 36
185 205
300 320
325 345
193 194
32 52
256 276
51 71
228 248
374 394
87 107
215 216
235 255
186 187
297 298
274 275
101 121
161 181
396 397
57 77
285 305
321 341
66 86
330 331
163 183
61 62
313 314
336 337
365 385
212 213
337 357
261 281
126 146
169 189
73 93
1 21
291 292
78 79
309 310
40 41
275 276
270 271
60 61
370 390
148 168
208 209
175 195
94 95
340 341
124 125
202 222
345 365
228 229
70 71
200 220
7 8
349 350
317 318
189 190
369 389
65 85
91 92
326 327
317 337
374 375
55 56
139 159
77 97
9 10
53 73
107 108
140 160
326 346
120 140
136 137
182 202
367 368
178 179
357 377
12 32
18 19
364 384
15 35
265 266
115 116
315 316
242 262
77 78
239 259
22 23
141 142
245 246
93 113
196 216
287 307
103 104
210 230
257 277
292 293
185 186
10 11
129 149
286 287
199 219
339 359
131 151
229 249
316 336
320 321
148 149
145 146
362 363
100 120
30 31
7 27
111 131
69 89
33 53
82 83
375 376
21 22
352 372
357 358
14 34
104 105
269 289
260 280
356 357
220 240
375 395
67 87
49 50
336 356
13 33
308 328
