400
380
137 138
73 93
236 237
339 359
221 241
60 61
334 335
368 388
98 118
28 29
21 22
256 276
83 84
21 41
247 267
134 154
32 52
134 135
35 55
253 273
308 309
242 243
113 133
208 209
237 257
121 141
205 225
188 189
178 179
215 216
226 246
230 250
23 43
53 73
175 176
340 341
19 39
341 342
262 282
9 29
231 232
111 112
131 132
102 122
299 319
245 246
211 212
169 189
335 355
303 304
347 367
73 74
103 123
67 68
20 21
305 325
265 266
334 354
307 308
356 376
26 46
251 252
220 240
348 349
190 191
148 168
145 165
176 177
237 238
255 256
33 53
364 384
72 73
214 234
328 348
104 105
123 124
274 294
43 44
364 365
327 347
191 211
95 96
75 95
127 147
374 375
305 306
171 172
1 21
158 159
201 221
332 333
123 143
84 104
194 195
234 254
259 279
320 340
369 370
53 54
100 120
155 175
301 321
228 248
146 147
47 67
36 56
206 207
216 217
244 245
204 224
49 50
357 358
192 212
153 154
384 385
284 304
184 204
150 170
257 277
136 156
250 270
169 170
170 190
3 23
105 106
274 275
344 345
190 210
248 268
6 7
186 187
361 381
263 283
355 375
298 318
54 55
27 28
233 253
286 306
387 388
16 17
153 173
78 98
193 213
252 272
300 301
95 115
241 261
143 163
125 145
164 184
45 46
342 343
91 92
10 30
318 338
188 208
89 90
201 202
8 9
380 381
58 78
215 235
177 178
172 173
363 364
97 117
126 146
55 56
184 185
84 85
302 322
135 136
365 385
344 364
195 215
104 124
331 332
191 192
143 144
163 183
295 315
141 161
74 75
25 45
220 221
290 291
163 164
293 294
139 159
224 244
32 33
371 372
162 182
336 356
352 353
27 47
140 141
343 363
351 371
149 169
351 352
109 129
46 47
47 48
225 245
42 62
65 66
8 28
285 305
346 366
94 114
106 107
324 325
294 314
37 38
28 48
119 139
182 183
87 88
112 132
326 346
68 88
197 217
43 63
261 281
301 302
161 181
173 193
243 244
160 180
367 387
318 319
200 220
126 127
118 119
30 31
181 201
288 308
1 2
366 367
92 93
372 392
375 395
113 114
56 76
321 341
272 273
10 11
398 399
219 239
79 99
158 178
319 339
7 8
264 284
49 69
338 358
117 137
138 139
165 185
306 326
121 122
65 85
209 229
342 362
124 125
110 130
180 181
44 64
251 271
350 351
76 77
224 225
258 278
212 232
149 150
316 336
266 267
272 292
378 379
200 201
51 71
120 140
391 392
393 394
62 63
13 14
37 57
315 316
333 334
289 290
194 214
285 286
292 293
328 329
330 350
155 156
385 386
254 274
125 126
156 176
356 357
202 203
152 172
358 378
24 44
137 157
2 3
9 10
212 213
277 278
389 390
81 101
359 379
166 186
199 219
268 288
38 58
102 103
132 152
360 361
248 249
323 343
51 52
368 369
94 95
242 262
260 280
227 247
178 198
164 165
353 373
214 215
93 113
345 365
280 281
22 42
207 208
180 200
362 382
5 25
327 328
103 104
66 67
196 197
233 234
291 292
217 218
314 334
268 269
157 158
375 376
131 151
360 380
144 164
76 96
275 295
329 330
366 386
6 26
128 129
249 250
48 68
312 313
263 264
115 135
286 287
265 285
271 272
245 265
11 31
278 279
324 344
246 266
82 83
226 227
147 148
338 339
