400
570
63 83
117 118
4 24
106 126
195 215
163 164
69 89
240 260
133 153
234 235
368 388
255 256
92 112
321 322
200 220
81 82
272 292
3 4
9 10
0 20
36 56
110 111
318 338
3 23
93 94
129 130
278 298
269 270
177 178
346 347
176 196
143 144
298 299
225 226
39 59
128 148
377 378
146 147
147 148
182 202
394 395
198 218
265 285
112 132
310 311
335 355
98 118
79 99
370 371
227 247
214 215
145 146
121 122
290 291
328 348
36 37
113 114
206 226
85 105
74 75
104 124
211 212
138 158
362 363
129 149
299 319
154 155
266 267
155 175
336 337
384 385
167 168
89 109
145 165
359 379
196 216
365 385
102 103
182 183
37 38
28 48
24 44
151 152
302 322
288 308
2 3
350 351
310 330
42 43
349 350
95 96
147 167
22 23
181 201
174 194
274 294
218 219
261 281
338 339
287 288
94 95
131 151
64 84
311 312
18 38
218 238
261 262
122 123
84 85
30 50
120 140
33 34
185 205
315 335
313 333
224 225
113 133
263 264
176 177
217 237
376 396
20 40
33 53
46 66
23 24
70 90
141 161
248 249
97 117
307 327
73 74
271 272
49 69
283 303
395 396
45 46
238 239
265 266
98 99
118 138
222 242
230 231
323 343
369 370
149 169
148 149
18 19
22 42
334 335
295 315
289 290
247 248
322 323
242 243
95 115
308 309
26 27
66 67
193 194
386 387
80 81
1 2
319 339
244 264
266 286
372 392
250 270
373 374
229 249
204 224
88 108
289 309
279 299
343 344
187 188
324 325
371 372
82 102
67 87
350 370
175 195
47 48
236 256
248 268
356 376
90 110
37 57
362 382
153 154
205 225
184 204
385 386
63 64
254 274
237 257
282 283
57 77
313 314
83 103
106 107
236 237
34 54
211 231
15 35
34 35
179 199
293 313
109 129
357 377
342 362
284 304
246 247
122 142
233 253
121 141
213 214
367 387
38 39
308 328
314 315
105 125
237 238
144 164
141 142
62 82
221 222
351 371
316 317
169 170
208 209
216 217
317 337
257 277
96 97
13 33
247 267
49 50
256 257
231 251
91 111
284 285
309 329
192 193
85 86
273 293
23 43
206 207
330 350
200 201
254 255
54 74
139 159
17 18
277 278
115 135
291 311
372 373
64 65
144 145
161 181
203 223
249 269
132 152
16 36
96 116
164 165
134 135
115 116
50 51
170 190
307 308
366 367
298 318
225 245
322 342
286 287
162 163
202 222
71 91
390 391
257 258
80 100
29 49
335 336
381 382
366 386
278 279
99 119
197 198
389 390
35 55
172 192
32 33
62 63
55 56
253 254
271 291
184 185
325 345
320 321
60 80
166 167
27 47
357 358
6 26
312 332
56 57
17 37
173 193
25 26
342 343
344 345
270 290
234 254
136 156
393 394
137 138
38 58
285 305
71 72
315 316
26 46
347 367
10 30
303 304
229 230
281 282
293 294
360 361
286 306
14 34
341 342
126 127
160 180
175 176
21 41
4 5
334 354
295 296
364 365
195 196
201 221
304 305
128 129
378 398
108 128
377 397
156 176
336 356
127 147
24 25
76 77
30 31
210 211
239 259
146 166
292 293
268 269
244 245
348 368
44 64
114 134
213 233
363 383
373 393
180 181
101 121
309 310
86 106
294 314
368 369
223 224
163 183
190 210
140 141
280 300
152 172
48 68
82 83
45 65
150 170
370 390
107 108
231 232
53 73
31 51
311 331
16 17
296 316
130 131
355 356
228 229
183 184
226 227
329 330
111 112
32 52
110 130
288 289
153 173
51 52
199 219
186 187
118 119
131 132
194 195
382 383
116 136
230 250
165 185
378 379
251 252
59 79
9 29
164 184
365 366
158 178
76 96
321 341
123 124
136 137
137 157
74 94
280 281
398 399
158 159
358 378
157 177
283 284
53 54
302 303
67 68
363 364
331 332
207 208
249 250
202 203
228 248
130 150
19 39
204 205
174 175
2 22
12 32
222 223
275 276
11 31
57 58
29 30
117 137
160 161
212 232
220 240
31 32
262 263
125 145
328 329
125 126
109 110
340 341
312 313
100 101
337 338
273 274
352 372
1 21
48 49
102 122
171 191
351 352
353 354
94 114
252 272
61 62
327 347
285 286
297 298
345 346
135 136
324 344
111 131
264 284
314 334
167 187
35 36
103 104
303 323
185 186
156 157
355 375
305 306
290 310
47 67
52 53
367 368
344 364
301 302
43 44
255 275
207 227
181 182
50 70
188 189
210 230
123 143
8 28
352 353
304 324
7 27
203 204
349 369
120 121
77 78
161 162
177 197
132 133
243 263
150 151
201 202
172 173
186 206
68 69
354 355
326 327
15 16
91 92
387 388
103 123
149 150
268 288
267 287
189 190
339 359
5 25
191 192
138 139
5 6
21 22
27 28
258 278
126 146
369 389
41 42
105 106
376 377
65 66
61 81
333 334
331 351
375 376
263 283
223 243
296 297
133 134
217 218
220 221
292 312
361 362
142 162
65 85
337 357
226 246
6 7
327 328
251 271
260 280
192 212
256 276
162 182
194 214
