2500
3675
480 530
1175 1225
651 701
1325 1375
1289 1290
2120 2170
662 712
1562 1612
858 908
1271 1272
260 310
1055 1056
1421 1422
419 469
626 676
137 138
2175 2225
238 239
1461 1511
2402 2452
947 948
2114 2164
1914 1915
811 861
2204 2254
1610 1660
1587 1588
607 608
2462 2463
2183 2184
561 611
1125 1126
2261 2262
1890 1891
945 995
30 80
637 638
2308 2309
1036 1086
1873 1923
1228 1229
1767 1817
201 202
2353 2354
1485 1486
2134 2184
1247 1248
1178 1228
2256 2257
333 383
426 476
457 458
57 107
407 408
71 121
415 416
1604 1605
44 94
963 964
454 504
1477 1478
2041 2091
1483 1533
2311 2312
943 993
2098 2099
1879 1929
1389 1390
2083 2084
821 822
1009 1010
1595 1645
1333 1383
315 316
1996 1997
1568 1618
706 707
1858 1859
126 127
1471 1521
2237 2287
2083 2133
905 955
1067 1117
1944 1994
1220 1221
959 1009
586 636
1746 1747
1002 1003
1484 1534
561 562
2272 2322
1372 1373
2157 2207
1835 1885
1326 1327
1678 1728
74 75
352 402
269 319
2253 2303
1567 1617
1309 1359
2096 2097
2240 2241
1276 1277
1694 1744
1737 1738
1220 1270
320 321
2168 2169
382 383
2079 2080
863 864
2297 2298
580 581
1909 1910
175 225
1271 1321
508 558
2292 2293
1608 1658
789 790
2240 2290
48 49
911 912
2183 2233
1159 1209
608 609
1517 1567
1943 1993
2078 2079
391 441
2274 2275
1580 1581
723 724
1435 1485
1479 1480
55 56
1505 1506
1126 1176
809 810
1630 1680
1958 2008
593 643
2299 2349
2471 2472
1060 1110
1191 1241
408 409
91 141
1652 1702
458 508
1625 1675
583 633
1528 1578
771 821
1459 1509
1420 1470
1620 1621
1790 1791
667 668
437 438
124 125
1920 1970
1108 1109
1000 1001
2425 2426
1136 1137
1963 2013
1554 1555
1275 1276
1317 1367
1288 1338
877 927
2488 2489
831 881
1117 1167
1185 1186
1512 1513
1880 1881
338 388
1543 1544
1435 1436
1109 1159
1227 1277
1242 1243
1083 1133
1245 1246
1027 1077
1244 1245
863 913
1773 1823
1053 1054
2070 2120
1701 1702
562 563
2351 2352
1433 1483
692 693
2088 2089
1401 1402
1680 1730
1481 1531
114 115
358 408
1645 1695
2258 2308
2394 2444
1281 1282
214 264
1900 1950
1216 1266
1038 1088
72 122
1421 1471
362 412
837 887
2171 2221
833 834
1232 1282
530 580
1169 1219
154 204
2367 2417
1130 1180
1219 1269
1252 1302
872 922
988 989
583 584
218 219
2238 2239
1791 1841
273 274
1358 1408
974 975
256 257
1441 1442
961 962
901 902
984 1034
675 725
284 285
2456 2457
2214 2215
1569 1619
183 233
1283 1284
576 577
1366 1367
1725 1775
1531 1581
490 491
980 981
1962 2012
558 608
945 946
919 969
1515 1516
100 150
1030 1031
2416 2417
1653 1703
442 443
407 457
1437 1438
792 842
454 455
1038 1039
1392 1442
748 798
547 597
133 134
1029 1030
1619 1669
1547 1597
84 85
2396 2446
920 970
1063 1113
1484 1485
846 847
2167 2217
1329 1379
322 323
803 804
1897 1947
1632 1682
2065 2115
878 928
798 848
118 168
343 393
2072 2073
157 207
1156 1157
1560 1610
1005 1006
627 677
1729 1779
1446 1447
1565 1566
107 108
2201 2202
281 282
1386 1436
1370 1371
735 785
203 253
1941 1942
855 905
2101 2102
601 651
1508 1558
2360 2410
2432 2433
1495 1496
1132 1182
763 813
2447 2448
1410 1460
2014 2015
2438 2439
2381 2382
143 144
1403 1404
185 235
2037 2038
726 776
122 123
2408 2458
1462 1512
1013 1063
2294 2295
1866 1867
1442 1492
875 925
278 328
1298 1348
2474 2475
1480 1530
970 1020
1454 1504
2434 2435
2033 2083
1955 2005
2332 2333
514 515
1551 1552
233 283
1870 1871
2092 2142
981 1031
543 544
83 133
317 367
1339 1340
135 185
893 894
1157 1207
1510 1511
27 77
2427 2477
1584 1634
1871 1921
1069 1119
2141 2142
2118 2119
815 816
701 751
1404 1405
910 960
50 100
804 854
2325 2375
2368 2369
1934 1935
1231 1281
832 833
1192 1193
369 419
319 320
955 956
1872 1873
92 93
1740 1790
1236 1286
1329 1330
431 432
585 586
1122 1172
1039 1040
1594 1644
2397 2398
2341 2342
1652 1653
1884 1885
650 651
1977 1978
12 62
1697 1698
2100 2101
2277 2327
395 396
1581 1582
1918 1968
1895 1896
818 868
1812 1813
2428 2478
907 957
101 151
2277 2278
1254 1304
2134 2135
351 352
1939 1940
189 190
768 818
1281 1331
1282 1332
1227 1228
563 564
1658 1659
905 906
865 915
1487 1537
1136 1186
483 484
1520 1521
1424 1474
1406 1456
2422 2423
206 256
1413 1463
887 888
260 261
1261 1311
200 201
722 723
2110 2111
856 906
107 157
1853 1854
292 293
198 199
1699 1749
2189 2190
2040 2041
54 55
2173 2174
2417 2467
1267 1317
995 1045
674 675
851 852
469 470
1211 1261
2030 2031
232 233
1855 1905
1841 1891
2337 2338
119 169
1468 1518
2296 2346
1721 1771
1755 1805
246 247
1764 1765
2014 2064
840 890
1733 1783
1735 1785
997 998
1410 1411
2005 2055
51 101
2218 2219
1573 1623
262 312
1143 1193
3 4
1237 1238
634 635
2447 2497
111 112
2127 2128
1954 1955
120 170
302 352
1944 1945
293 343
1689 1690
1923 1973
1422 1423
346 347
1808 1809
11 12
1857 1907
2318 2319
2406 2407
1011 1061
371 421
382 432
1905 1955
2265 2315
943 944
918 968
2368 2418
347 397
711 761
940 990
2448 2449
1611 1612
642 643
2137 2138
1295 1345
839 889
2113 2114
794 795
274 324
2313 2314
18 68
2324 2374
2196 2246
46 96
628 678
1186 1187
955 1005
1160 1210
509 510
199 249
2192 2242
1414 1415
512 562
1898 1899
1380 1430
300 350
772 773
533 583
1005 1055
105 155
564 565
1235 1236
1909 1959
965 966
2054 2104
1488 1538
655 656
976 1026
2130 2180
687 688
1915 1965
339 389
2058 2059
551 552
551 601
644 694
540 541
1568 1569
1706 1756
681 682
499 549
1035 1085
537 587
731 781
1243 1293
1141 1191
478 479
276 277
1742 1743
2121 2171
1989 2039
1771 1821
4 5
2306 2356
1214 1264
61 62
1738 1788
387 388
373 423
482 532
1649 1699
1152 1153
1785 1786
1100 1150
1519 1569
1716 1717
427 477
1646 1696
2152 2202
134 135
2118 2168
1865 1866
1177 1178
1806 1807
1922 1972
1255 1256
1461 1462
1495 1545
810 860
286 287
566 616
803 853
998 999
2344 2345
123 173
915 916
1129 1130
345 346
678 728
1170 1171
1380 1381
1595 1596
1131 1132
1077 1127
926 976
69 70
1851 1852
788 789
406 456
473 523
1398 1399
1165 1166
1633 1683
960 1010
2189 2239
2132 2182
536 586
1537 1538
2353 2403
2098 2148
429 430
643 693
1602 1603
1666 1667
399 449
342 343
2131 2132
427 428
1267 1268
1023 1073
88 89
975 976
1024 1025
401 402
318 368
678 679
608 658
522 572
860 910
2365 2415
2129 2179
1486 1487
1393 1394
1371 1421
2029 2079
1106 1156
1588 1638
1287 1288
429 479
2139 2189
1981 1982
252 302
660 710
2221 2271
470 520
1042 1043
1409 1459
754 804
1151 1201
2405 2455
512 513
1634 1684
722 772
1824 1825
2103 2153
2270 2320
390 440
1466 1467
2143 2144
1951 1952
1256 1306
953 954
1591 1641
1828 1878
1877 1927
1761 1762
205 206
883 933
733 783
1013 1014
2257 2258
712 713
653 654
2395 2396
385 435
2059 2109
1419 1469
847 897
1722 1723
1093 1094
1124 1174
9 59
1204 1205
57 58
1451 1501
1584 1585
40 41
1805 1855
986 987
633 634
1315 1316
1544 1545
1683 1684
2222 2272
1327 1377
1474 1524
2117 2118
331 332
1429 1479
625 675
1627 1677
2400 2401
799 849
1997 2047
703 704
591 592
2225 2226
177 178
190 240
223 224
2228 2229
317 318
2320 2321
2318 2368
134 184
1779 1780
1668 1669
375 376
577 627
2209 2259
2018 2019
2128 2129
1403 1453
1689 1739
1634 1635
843 844
1365 1366
2112 2113
754 755
1239 1289
1008 1009
1831 1832
2108 2109
601 602
997 1047
1400 1401
1976 2026
1645 1646
271 321
693 694
55 105
1867 1917
1278 1279
2064 2065
2195 2196
1133 1134
555 556
813 863
1832 1882
2020 2021
1289 1339
1590 1640
1626 1627
1199 1249
1450 1451
714 715
2394 2395
524 525
1817 1818
874 924
1729 1730
1091 1092
1015 1065
105 106
1931 1932
913 914
2286 2287
1703 1704
1547 1548
263 313
1383 1384
2306 2307
1948 1949
1956 2006
1586 1587
1372 1422
1055 1105
1773 1774
14 64
1153 1203
1437 1487
604 654
2009 2010
418 419
2043 2093
1219 1220
1874 1875
640 690
2303 2353
2224 2274
167 217
112 113
421 471
1818 1819
264 265
1669 1670
751 752
1939 1989
1277 1327
1522 1572
121 171
2160 2161
568 569
229 230
347 348
1747 1748
2302 2352
1713 1714
790 840
1114 1115
1044 1094
435 436
1618 1668
614 615
321 371
1844 1845
4 54
864 914
2366 2367
290 340
2140 2141
857 907
2200 2201
1078 1079
2207 2257
1064 1114
284 334
2411 2461
2002 2003
1927 1977
1146 1196
2114 2115
102 103
1819 1820
575 625
626 627
2233 2283
1916 1966
2182 2232
2028 2029
265 315
1500 1550
219 220
2263 2313
295 296
369 370
2401 2451
421 422
1426 1476
979 1029
1623 1624
450 451
1180 1230
1316 1317
657 707
2121 2122
937 938
862 912
1293 1294
712 762
1305 1306
2463 2464
1032 1033
1263 1264
1647 1648
1675 1725
1163 1213
221 222
726 727
2479 2480
573 574
1343 1344
169 170
439 489
1224 1225
1040 1090
494 544
1147 1197
2314 2315
1684 1685
2498 2499
240 290
80 81
1915 1916
334 335
60 110
1225 1275
1879 1880
639 689
292 342
1676 1677
2220 2221
2309 2359
47 48
1464 1514
2001 2051
1337 1387
1104 1105
1674 1675
523 573
313 314
883 884
1754 1804
903 904
1108 1158
1740 1741
131 132
212 213
1802 1803
1512 1562
1876 1926
2427 2428
1518 1568
589 639
612 613
708 758
227 228
645 695
194 244
447 497
1762 1763
1157 1158
1376 1426
1667 1717
525 526
207 208
772 822
1589 1590
227 277
143 193
428 478
1176 1177
2254 2304
1917 1967
1007 1008
1152 1202
1673 1723
2216 2266
1053 1103
989 990
412 462
372 373
922 923
39 89
160 161
2246 2296
894 944
1559 1609
1021 1022
1236 1237
874 875
34 84
744 745
1641 1691
2335 2385
409 410
366 367
1804 1805
581 582
438 439
126 176
1784 1785
345 395
1320 1321
1056 1057
2343 2393
818 819
889 939
1916 1917
94 144
980 1030
420 470
1737 1787
1133 1183
1787 1837
1233 1234
588 638
78 128
2015 2065
273 323
1527 1577
2097 2147
2042 2043
2215 2265
1132 1133
405 406
948 998
2316 2366
2141 2191
2321 2322
1537 1587
1971 2021
1724 1725
1670 1671
100 101
1087 1088
2388 2389
1707 1757
1106 1107
2079 2129
1245 1295
1280 1330
916 966
2308 2358
2075 2076
348 349
36 86
710 760
1470 1471
1690 1691
2268 2318
397 398
815 865
992 993
231 281
1548 1598
23 24
2275 2276
1250 1251
1864 1865
1363 1413
2045 2046
550 551
423 473
2409 2410
2211 2261
806 807
150 200
2159 2209
725 775
1322 1323
1092 1093
1790 1840
363 364
1043 1093
593 594
1092 1142
795 845
2197 2247
2147 2148
1129 1179
1825 1875
1367 1368
737 738
2465 2466
1932 1933
1510 1560
344 394
1057 1058
146 196
2003 2004
1957 1958
2087 2137
1994 1995
2396 2397
1382 1432
2047 2048
190 191
741 742
2393 2443
2008 2058
87 137
377 427
2234 2235
1430 1431
2334 2335
1970 1971
241 291
1418 1419
381 382
958 959
1840 1890
2460 2461
1011 1012
1847 1897
1065 1066
1468 1469
44 45
1367 1417
881 882
1704 1754
333 334
1552 1602
783 784
148 198
203 204
1167 1168
1263 1313
1009 1059
1542 1592
2333 2334
1557 1607
563 613
237 287
2436 2437
303 353
1657 1707
2200 2250
2 3
584 634
585 635
933 983
2144 2145
780 830
1574 1624
208 258
1321 1371
475 525
963 1013
763 764
817 867
2056 2057
1077 1078
1112 1113
359 409
2384 2434
996 997
1377 1378
2482 2483
1467 1468
2132 2133
614 664
962 1012
129 130
1141 1142
305 355
983 984
736 737
378 428
1516 1517
1345 1346
1855 1856
1341 1391
1201 1202
784 834
2254 2255
876 926
295 345
1690 1740
210 260
245 246
1525 1526
837 838
1962 1963
2182 2183
1051 1101
1749 1799
668 669
1072 1073
1240 1241
1502 1503
1792 1793
663 713
436 486
1297 1347
1161 1162
1564 1565
1961 2011
1111 1112
147 148
128 129
2057 2107
1334 1335
620 670
1565 1615
1959 1960
560 561
2390 2391
1020 1021
1471 1472
1445 1446
2398 2399
430 431
41 91
2288 2289
571 621
381 431
708 709
2048 2049
2033 2034
752 802
871 872
1518 1519
903 953
921 971
173 174
1793 1794
1979 2029
688 738
2336 2386
321 322
525 575
1050 1051
1724 1774
288 289
1738 1739
361 362
49 99
606 656
2119 2169
2111 2161
2378 2428
2382 2432
1492 1493
1414 1464
1932 1982
1523 1573
1360 1410
831 832
579 629
671 721
1324 1374
498 548
681 731
1297 1298
1120 1170
11 61
773 774
2192 2193
2435 2485
194 195
1123 1124
1348 1349
47 97
2191 2241
60 61
136 186
2236 2286
216 266
2376 2426
1230 1280
740 741
1797 1847
1823 1824
1 2
746 796
2128 2178
228 229
1241 1242
395 445
1644 1645
1739 1789
1771 1772
417 418
1882 1932
2229 2230
1929 1930
368 369
150 151
1185 1235
935 936
2038 2088
1081 1131
2357 2358
1265 1315
283 333
1310 1311
1039 1089
619 669
1302 1303
52 53
1615 1665
289 339
258 308
866 867
559 560
1850 1851
1767 1768
1821 1871
1465 1515
1814 1815
953 1003
266 316
2296 2297
789 839
517 567
1686 1736
2210 2260
695 745
1509 1559
611 612
971 972
1765 1766
1448 1498
2458 2459
1207 1257
1875 1925
1238 1288
1959 2009
534 535
848 849
298 348
528 578
185 186
2244 2245
6 56
2143 2193
1937 1938
335 336
217 267
730 780
234 235
290 291
1014 1064
832 882
1728 1778
2116 2117
1341 1342
2376 2377
1798 1799
1453 1454
2162 2163
1938 1988
1163 1164
1582 1632
2185 2186
572 573
1139 1189
933 934
2169 2219
315 365
1605 1606
1113 1114
52 102
1869 1919
449 499
615 616
969 1019
2355 2356
1427 1477
2074 2075
1620 1670
2013 2014
1205 1255
323 373
873 874
480 481
1274 1275
2338 2339
486 536
961 1011
1648 1649
46 47
1769 1819
1479 1529
2307 2357
80 130
2393 2394
1516 1566
600 650
1529 1530
1589 1639
320 370
2407 2457
1750 1800
535 585
1208 1258
1273 1274
517 518
2172 2222
810 811
202 203
1540 1590
1493 1494
596 646
1883 1933
1822 1823
610 611
2359 2360
1824 1874
304 354
1545 1595
202 252
2321 2371
760 810
1792 1842
1110 1160
2319 2369
102 152
2404 2405
822 872
1134 1184
287 288
2348 2398
342 392
1577 1578
2052 2053
998 1048
2036 2086
1598 1599
1981 2031
2260 2310
379 380
2196 2197
1061 1062
900 950
237 238
1829 1879
1385 1386
155 156
717 767
1848 1849
2205 2255
1725 1726
270 271
739 740
1753 1754
762 812
1171 1221
1555 1556
2360 2361
360 410
1469 1470
26 27
2069 2070
632 633
1965 2015
2230 2280
2230 2231
1321 1322
2227 2228
1444 1445
1940 1990
753 754
949 999
728 729
569 570
1193 1243
1780 1830
1642 1643
1340 1390
2031 2081
2272 2273
377 378
627 628
887 937
1272 1273
214 215
59 60
1028 1078
357 358
1425 1426
2486 2487
795 796
638 688
2080 2130
767 768
1807 1857
396 446
673 674
2415 2416
1818 1868
59 109
327 328
340 390
329 330
582 583
794 844
1924 1974
613 663
1016 1066
466 516
308 358
654 704
1026 1027
1317 1318
1745 1746
1006 1007
19 69
1992 1993
1658 1708
1483 1484
1326 1376
1210 1260
1328 1378
2373 2423
951 1001
1550 1600
1070 1120
1259 1309
941 991
553 554
2350 2351
850 851
1640 1690
310 311
1597 1647
326 376
2259 2260
630 680
2166 2167
2089 2090
1349 1399
22 23
1105 1106
1019 1020
1033 1034
623 673
58 59
485 486
1974 1975
1060 1061
1345 1395
1535 1536
605 606
891 941
1630 1631
2285 2286
1179 1180
635 636
1309 1310
1470 1520
1850 1900
693 743
1080 1130
1273 1323
986 1036
513 563
2291 2292
993 994
2094 2144
314 315
326 327
25 26
1313 1314
2226 2276
222 272
1991 1992
402 452
282 332
1893 1943
1209 1210
1358 1359
289 290
1969 2019
2117 2167
2377 2427
453 503
93 143
2251 2252
2043 2044
545 546
1695 1696
1127 1177
2331 2381
1436 1486
888 889
942 943
644 645
1002 1052
1866 1916
416 417
857 858
507 557
111 161
591 641
351 401
354 355
1892 1942
1189 1190
2372 2373
1893 1894
1278 1328
403 404
462 512
223 273
280 330
1708 1709
1801 1802
1261 1262
2483 2484
575 576
1121 1122
685 735
1839 1840
63 64
1480 1481
2323 2373
154 155
2012 2013
967 1017
216 217
414 415
526 527
1187 1237
1578 1579
1808 1858
1722 1772
224 274
1145 1146
256 306
196 197
21 71
2335 2336
770 820
530 531
552 602
415 465
2258 2259
2039 2040
1448 1449
117 118
371 372
777 827
1166 1216
1460 1461
2239 2289
434 435
1175 1176
1886 1887
156 157
1600 1601
2156 2206
1949 1999
1110 1111
1454 1455
1369 1419
1622 1623
68 69
1147 1148
33 83
1660 1710
2164 2165
446 496
651 652
866 916
1374 1375
1137 1187
1697 1747
1985 1986
2399 2449
2363 2413
460 510
197 247
1744 1794
1687 1688
719 720
1131 1181
1989 1990
922 972
1816 1866
934 935
736 786
2181 2182
1262 1263
518 568
7 8
1215 1265
197 198
76 77
2433 2434
1503 1504
443 493
2374 2424
166 167
1232 1233
2265 2266
1346 1396
1988 2038
1379 1429
2041 2042
1766 1767
1843 1893
1918 1919
1582 1583
275 325
1056 1106
1815 1865
1594 1595
439 440
1982 1983
1898 1948
2278 2279
2209 2210
1566 1616
1431 1481
1782 1832
791 792
165 215
1172 1173
488 538
34 35
528 529
1553 1603
721 722
1080 1081
1901 1902
2025 2026
942 992
2381 2431
1124 1125
1457 1507
8 58
630 631
972 1022
1969 1970
171 172
2457 2458
2212 2213
77 127
1352 1402
711 712
2120 2121
2274 2324
1747 1797
1411 1412
103 104
2354 2355
238 288
88 138
2280 2281
1671 1672
2435 2436
1149 1199
652 702
1417 1418
1378 1428
1443 1444
2058 2108
1821 1822
570 620
35 85
1717 1718
242 292
1276 1326
470 471
1717 1767
1456 1506
2440 2490
64 65
2220 2270
2385 2435
680 681
257 258
1010 1060
42 43
2 52
2180 2181
932 982
860 861
2212 2262
1710 1760
1700 1750
655 705
209 210
1971 1972
631 681
893 943
2374 2375
2245 2295
141 191
1025 1026
1631 1632
1277 1278
889 890
2443 2493
1840 1841
965 1015
895 945
177 227
324 325
58 108
19 20
921 922
1128 1178
384 434
1570 1571
1709 1759
1347 1397
704 754
43 93
1224 1274
1534 1535
2464 2465
742 743
2363 2364
1872 1922
1394 1395
311 312
1113 1163
897 898
249 299
1381 1431
1269 1270
1409 1410
928 929
984 985
1654 1704
1693 1743
538 588
1843 1844
873 923
225 275
2205 2206
433 483
948 949
1789 1790
1891 1892
1501 1502
1388 1438
330 380
127 177
1258 1259
1062 1063
1050 1100
115 116
1650 1700
1656 1706
1151 1152
1853 1903
1354 1355
1656 1657
1098 1148
2419 2469
2023 2024
2303 2304
367 417
2403 2453
410 411
2386 2387
50 51
63 113
2288 2338
2326 2327
2026 2076
2294 2344
1800 1850
1907 1908
599 649
1616 1666
16 66
2397 2447
1079 1129
1158 1208
1860 1910
2346 2347
340 341
1983 1984
123 124
1455 1456
662 663
2165 2215
135 136
376 426
2295 2345
830 880
577 578
2492 2493
2123 2173
1713 1763
1626 1676
350 351
127 128
827 877
283 284
2104 2105
2170 2171
1089 1139
729 779
1350 1400
497 547
460 461
509 559
2046 2047
578 628
2417 2418
1692 1742
104 154
79 129
1408 1458
2423 2473
457 507
1333 1334
1384 1385
1570 1620
1651 1652
870 920
952 953
1103 1104
1190 1240
1097 1147
305 306
1838 1839
1622 1672
213 263
1627 1628
215 216
1247 1297
917 967
482 483
1800 1801
854 904
2167 2168
1601 1651
2404 2454
1723 1773
1992 2042
1533 1534
1244 1294
2146 2147
1973 2023
646 647
2035 2036
2161 2211
2271 2321
718 768
2000 2001
2426 2476
1058 1059
1908 1958
488 489
2253 2254
1662 1712
1567 1568
2287 2288
489 490
1130 1131
438 488
1395 1445
1270 1271
1474 1475
1754 1755
501 502
1494 1544
2078 2128
1665 1715
639 640
723 773
2069 2119
2312 2313
2040 2090
757 807
1195 1196
1107 1157
1862 1863
760 761
1140 1190
1073 1123
1268 1269
1877 1878
2029 2030
2047 2097
1576 1626
1359 1409
1538 1539
478 528
418 468
1751 1752
638 639
1539 1540
1229 1230
2315 2316
2467 2468
2437 2487
1128 1129
1357 1407
1094 1144
1829 1830
338 339
1655 1656
1813 1814
1203 1253
2022 2023
1925 1975
485 535
2161 2162
400 401
2106 2156
1086 1087
1763 1813
330 331
1298 1299
1272 1322
1857 1858
1033 1083
1299 1349
1672 1673
675 676
1772 1822
2048 2098
2283 2333
2333 2383
2469 2470
845 895
244 245
172 173
1964 1965
2442 2492
994 995
301 302
2320 2370
168 169
1156 1206
1965 1966
973 974
1085 1086
664 665
902 903
2012 2062
782 832
1323 1373
935 985
1066 1067
2198 2199
1508 1509
1205 1206
487 488
275 276
1878 1879
78 79
999 1049
115 165
2292 2342
1673 1674
303 304
2271 2272
2243 2244
1111 1161
1987 1988
2194 2195
787 788
801 851
515 565
1698 1699
1605 1655
1764 1814
1980 2030
2476 2477
2138 2139
1768 1769
1028 1029
747 797
670 720
513 514
2334 2384
1730 1780
742 792
2266 2267
823 873
1744 1745
545 595
917 918
1612 1662
1043 1044
108 158
2176 2226
2497 2498
1686 1687
1032 1082
1986 2036
1752 1753
411 412
2206 2256
1432 1433
491 492
1148 1149
529 579
1343 1393
1774 1824
2213 2214
270 320
779 780
1099 1149
65 115
2156 2157
1350 1351
1742 1792
629 679
1382 1383
2222 2223
142 192
1530 1531
384 385
92 142
1432 1482
2267 2268
691 741
1154 1155
713 763
761 811
932 933
32 82
396 397
684 685
1569 1570
2264 2265
1894 1944
2022 2072
1230 1231
2188 2189
1679 1680
669 719
72 73
1091 1141
1933 1983
738 788
1890 1940
1071 1072
2038 2039
1775 1776
1469 1519
676 677
1765 1815
479 480
595 596
1183 1184
877 878
1423 1473
1796 1797
1521 1522
700 701
2042 2092
836 886
165 166
1042 1092
276 326
2412 2462
1120 1121
1826 1827
758 808
696 697
207 257
2282 2332
142 143
518 519
1507 1557
2179 2180
959 960
1641 1642
835 885
598 599
594 595
1436 1437
54 104
2007 2057
969 970
636 637
1193 1194
272 273
2065 2066
1523 1524
1572 1622
1726 1727
694 695
1822 1872
493 494
2158 2208
2216 2217
1068 1118
785 835
647 697
1611 1661
2387 2437
841 842
1644 1694
2401 2402
1201 1251
1937 1987
86 136
1592 1593
1733 1734
459 509
497 498
1995 1996
622 672
352 353
1758 1759
1407 1457
1176 1226
925 975
220 270
958 1008
31 81
1579 1629
1025 1075
2165 2166
1285 1286
392 442
1251 1301
920 921
2330 2380
406 407
852 902
1364 1365
567 568
1698 1748
1897 1898
375 425
856 857
670 671
671 672
366 416
870 871
861 862
2221 2222
656 706
1654 1655
661 662
778 779
1831 1881
455 456
2364 2365
130 131
2248 2298
2266 2316
713 714
1772 1773
1338 1388
927 977
1863 1864
1895 1945
2235 2285
117 167
1048 1098
1324 1325
1830 1831
1499 1549
603 604
690 691
621 671
1336 1386
704 705
2140 2190
1615 1616
1248 1249
2126 2176
259 260
431 481
1234 1235
1109 1110
689 739
1291 1341
2348 2349
1472 1522
2229 2279
1004 1054
2202 2203
383 433
1980 1981
902 952
982 1032
2101 2151
2388 2438
1688 1738
2082 2132
1379 1380
1441 1491
924 974
2154 2155
890 940
1241 1291
826 827
1182 1183
938 988
1865 1915
1255 1305
892 893
469 519
679 729
2300 2350
75 125
519 520
2298 2348
463 464
1486 1536
894 895
707 708
1956 1957
205 255
2373 2374
239 289
152 202
1526 1527
1780 1781
1887 1937
1842 1892
1071 1121
800 850
824 825
1960 1961
2339 2340
882 932
1590 1591
913 963
187 188
153 203
1745 1795
838 888
1723 1724
1034 1084
1736 1786
1315 1365
387 437
650 700
2170 2220
130 180
2395 2445
2410 2411
2071 2121
1858 1908
686 736
539 540
1806 1856
1204 1254
707 757
28 29
236 237
1491 1492
2371 2372
841 891
1870 1920
2056 2106
184 185
1743 1744
755 805
814 864
380 430
327 377
1164 1165
1881 1931
960 961
96 146
281 331
1415 1465
1088 1138
1400 1450
1300 1301
1037 1038
1482 1532
1844 1894
1695 1745
2445 2446
1718 1768
2248 2249
1115 1165
1292 1293
928 978
64 114
1000 1050
2281 2331
416 466
181 182
1770 1820
849 899
844 894
1101 1151
1655 1705
927 928
2054 2055
705 755
1930 1931
1504 1505
1551 1601
1266 1267
1795 1796
2203 2253
533 534
1797 1798
218 268
1609 1659
1316 1366
1757 1758
2135 2136
1763 1764
65 66
1662 1663
616 617
2246 2247
389 390
1617 1667
2391 2441
1389 1439
1249 1299
66 116
979 980
1378 1379
335 385
1242 1292
1078 1128
2345 2395
503 553
496 497
1266 1316
425 475
2131 2181
790 791
783 833
343 344
2441 2442
2019 2020
1609 1610
1784 1834
379 429
1390 1391
1473 1474
924 925
814 815
62 63
1536 1537
29 30
1439 1489
2322 2372
451 501
178 228
2375 2425
906 907
1982 2032
247 297
616 666
946 996
1664 1714
2223 2224
455 505
1631 1681
1998 2048
1027 1028
1004 1005
1306 1356
1592 1642
1217 1267
1579 1580
428 429
398 399
2317 2318
1311 1312
1017 1018
1999 2049
641 642
880 881
1693 1694
1415 1416
2017 2067
1602 1652
1638 1688
1546 1596
171 221
574 624
764 814
2202 2252
785 786
1619 1620
1524 1574
1087 1137
229 279
2270 2271
720 770
116 117
2290 2340
782 783
1482 1483
2044 2094
13 63
183 184
882 883
1556 1557
812 862
1912 1913
85 135
98 99
2295 2296
38 39
1854 1904
1730 1731
1935 1985
1783 1784
1369 1370
145 146
1546 1547
808 809
1955 1956
1527 1528
1348 1398
443 444
987 988
252 253
2362 2363
2112 2162
2255 2305
2090 2091
610 660
1952 1953
802 852
1885 1886
770 771
2316 2317
1394 1444
1954 2004
950 951
1119 1120
1617 1618
1705 1706
1022 1023
477 478
2068 2069
2484 2485
1155 1156
1223 1273
871 921
2424 2425
685 686
1342 1343
195 245
2107 2108
491 541
2385 2386
2250 2251
2191 2192
1381 1382
923 924
1549 1599
1467 1517
90 140
291 341
76 126
1215 1216
1778 1779
1926 1927
604 605
228 278
1188 1238
578 579
988 1038
992 1042
10 11
1841 1842
2273 2274
2315 2365
1408 1409
2446 2447
1679 1729
2039 2089
688 689
834 884
2080 2081
2086 2136
1791 1792
1423 1424
1977 2027
370 371
221 271
217 218
299 349
511 561
2154 2204
511 512
522 523
672 722
2352 2353
84 134
553 603
2146 2196
852 853
467 468
1466 1516
1286 1336
813 814
865 866
2313 2363
356 406
192 242
2285 2335
1144 1145
1581 1631
2247 2297
2347 2397
235 236
1307 1308
1770 1771
2207 2208
466 467
749 799
1401 1451
1209 1259
1097 1098
1948 1998
2115 2116
1306 1307
1583 1633
1118 1119
128 178
181 231
946 947
1035 1036
636 686
543 593
108 109
2115 2165
2044 2045
1966 1967
1444 1494
1680 1681
2455 2456
1803 1804
337 338
2261 2311
2208 2258
386 436
1716 1766
259 309
1756 1806
2392 2442
2073 2123
1122 1123
2133 2183
2269 2270
2094 2095
2077 2078
1854 1855
2371 2421
1134 1135
1809 1859
1184 1185
1532 1582
2155 2156
1269 1319
1703 1753
1864 1914
1827 1828
1279 1280
1282 1283
558 559
2241 2291
2351 2401
149 199
1887 1888
20 70
532 582
940 941
2176 2177
2342 2343
589 590
1463 1464
541 591
2123 2124
1303 1353
885 935
989 1039
985 986
1202 1252
2384 2385
1799 1849
876 877
397 447
1503 1553
2356 2406
1302 1352
1459 1460
414 464
2105 2106
409 459
1867 1868
468 518
2280 2330
613 614
520 570
501 551
548 598
1283 1333
2494 2495
1478 1528
114 164
1926 1976
188 189
521 571
1606 1656
1186 1236
1066 1116
2448 2498
732 782
22 72
139 189
1836 1837
1783 1833
1102 1103
2493 2494
2459 2460
2367 2368
2434 2484
167 168
1817 1867
2082 2083
730 731
141 142
307 357
1174 1175
1221 1222
1127 1128
746 747
1942 1943
451 452
1257 1307
45 95
2269 2319
2052 2102
1559 1560
2259 2309
314 364
1424 1425
900 901
888 938
1308 1358
830 831
507 508
781 782
683 684
1475 1476
976 977
1862 1912
879 880
2051 2052
1284 1334
621 622
1018 1019
1371 1372
2238 2288
991 1041
81 82
1820 1870
440 441
1353 1354
28 78
1497 1547
1533 1583
1338 1339
1947 1997
952 1002
2340 2390
1438 1488
748 749
411 461
1363 1364
1296 1346
2443 2444
2172 2173
732 733
1746 1796
1816 1817
2066 2116
2124 2174
156 206
2024 2074
2133 2134
1337 1338
1452 1453
184 234
605 655
1710 1711
1629 1679
880 930
1902 1952
759 809
1515 1565
1194 1195
1961 1962
2249 2299
442 492
737 787
967 968
526 576
2055 2056
2325 2326
1399 1449
1856 1906
805 855
1434 1435
787 837
2379 2429
1214 1215
1904 1905
1016 1017
388 438
904 954
389 439
1869 1870
1178 1179
1388 1389
1404 1454
1848 1898
2153 2154
2095 2096
51 52
282 283
463 513
2275 2325
666 667
2473 2474
103 153
1101 1102
1235 1285
248 249
393 394
2480 2481
106 156
1604 1654
53 103
918 919
1356 1406
285 335
1443 1493
1361 1411
2345 2346
307 308
98 148
1260 1261
2319 2320
2003 2053
2184 2234
2062 2063
446 447
456 457
2053 2054
97 147
745 795
740 790
2208 2209
95 145
2168 2218
1950 1951
1828 1829
500 501
1659 1660
519 569
2450 2451
2324 2325
542 592
1089 1090
235 285
2262 2263
1323 1324
584 585
1003 1004
182 232
1859 1860
2148 2198
609 610
1229 1279
2352 2402
1760 1810
1585 1635
16 17
31 32
1061 1111
2071 2072
61 111
571 572
312 313
1331 1332
679 680
531 581
2142 2192
1511 1512
801 802
1610 1611
2441 2491
2416 2466
1251 1252
1751 1801
2439 2489
565 615
1761 1811
1513 1514
2418 2468
689 690
532 533
474 475
879 929
79 80
233 234
775 776
1254 1255
677 678
2260 2261
594 644
1328 1329
1018 1068
1253 1303
492 542
2372 2422
833 883
632 682
2225 2275
716 717
936 937
1112 1162
157 158
1892 1893
2250 2300
0 50
240 241
549 599
1046 1047
1481 1482
709 710
962 963
658 708
297 347
1621 1622
12 13
618 668
1426 1427
542 543
531 532
109 159
1440 1490
302 303
1075 1076
1304 1354
1607 1657
1528 1529
1651 1701
550 600
1213 1263
1103 1153
209 259
915 965
1810 1860
1842 1843
1239 1240
1782 1783
1084 1085
2242 2292
834 835
683 733
697 747
1222 1223
1268 1318
1104 1154
2428 2429
862 863
1564 1614
816 817
702 752
1063 1064
334 384
1905 1906
2400 2450
1701 1751
2104 2154
869 919
1332 1333
1659 1709
1682 1732
2000 2050
1183 1233
2430 2480
2243 2293
204 205
498 499
158 159
2245 2246
699 749
162 212
680 730
83 84
206 207
186 236
2418 2419
829 879
506 556
1851 1901
777 778
779 829
2105 2155
756 806
1557 1558
1748 1798
2193 2194
110 160
1189 1239
2204 2205
2424 2474
2013 2063
1447 1497
2431 2432
2006 2056
2122 2123
400 450
800 801
1386 1387
2390 2440
1990 2040
793 794
2301 2302
1340 1341
241 242
392 393
1373 1374
1022 1072
686 687
1603 1604
1142 1143
2187 2188
1888 1889
1639 1689
2021 2071
440 490
110 111
383 384
2439 2440
562 612
1142 1192
1760 1761
2051 2101
2087 2088
2021 2022
884 885
1115 1116
1750 1751
2380 2381
1625 1626
179 229
1487 1488
1556 1606
86 87
1923 1924
272 322
319 369
809 859
1585 1586
1395 1396
1331 1381
2437 2438
1357 1358
2037 2087
433 434
2095 2145
1555 1605
502 503
1287 1337
2106 2107
1364 1414
239 240
764 765
1945 1946
1554 1604
934 984
1125 1175
1294 1295
1979 1980
2328 2329
2454 2455
1300 1350
372 422
404 405
739 789
1753 1803
500 550
1304 1305
119 120
2477 2478
484 485
147 197
279 280
2472 2473
698 748
121 122
695 696
2064 2114
453 454
1347 1348
2312 2362
2155 2205
1036 1037
253 303
1543 1593
2184 2185
2356 2357
1212 1262
1212 1213
926 927
719 769
1514 1515
23 73
611 661
981 982
2231 2232
113 163
1718 1719
200 250
1290 1291
164 214
25 75
825 875
1720 1770
1308 1309
504 554
1953 2003
1534 1584
2490 2491
1396 1446
1416 1417
43 44
2430 2431
1950 2000
187 237
912 962
129 179
1118 1168
2059 2060
1116 1117
1852 1902
1928 1929
1047 1048
2468 2469
1727 1728
458 459
2136 2137
676 726
1636 1686
2323 2324
1365 1415
1390 1440
1405 1406
2378 2379
1054 1055
1552 1553
1354 1404
586 587
615 665
2144 2194
337 387
0 1
652 653
1833 1834
628 629
691 692
261 262
1452 1502
2307 2308
1168 1218
1709 1710
972 973
1105 1155
2286 2336
2057 2058
1927 1928
2287 2337
2329 2379
1088 1089
840 841
358 359
1696 1697
1875 1876
2109 2159
1621 1671
1677 1678
1068 1069
2001 2002
1571 1621
1819 1869
144 145
2063 2064
1777 1778
1498 1548
403 453
1076 1077
2331 2332
546 547
172 222
2166 2216
1593 1643
1303 1304
786 787
365 366
1599 1649
1545 1546
896 946
1624 1625
1711 1712
125 126
1776 1826
1836 1886
886 936
1431 1432
1250 1300
1355 1405
649 699
5 55
590 640
1505 1555
784 785
1188 1189
420 421
1438 1439
1774 1775
30 31
444 494
146 147
645 646
838 839
2199 2249
1045 1046
859 909
2185 2235
1919 1969
944 994
2405 2406
684 734
1497 1498
484 534
2085 2135
1935 1936
10 60
2023 2073
1140 1141
579 580
1863 1913
727 777
2362 2412
2193 2243
573 623
1845 1846
1871 1872
2100 2150
672 673
1571 1572
1575 1625
1387 1388
1082 1083
2282 2283
1640 1641
1160 1161
182 183
1902 1903
1162 1212
2215 2216
1525 1575
2194 2244
1154 1204
350 400
483 533
176 226
788 838
56 106
492 493
502 552
2108 2158
2369 2370
1628 1678
1413 1414
2218 2268
1458 1508
1428 1429
653 703
1048 1049
138 188
2461 2462
2422 2472
1206 1207
1801 1851
160 210
694 744
1987 2037
603 653
192 193
1231 1232
1580 1630
1095 1145
854 855
225 226
1756 1757
724 774
556 557
481 482
271 272
2093 2094
1880 1930
2262 2312
1519 1520
983 1033
1574 1575
1900 1901
2339 2389
1226 1276
629 630
1963 1964
1014 1015
1197 1198
541 542
2147 2197
2049 2099
2197 2198
1687 1737
8 9
2130 2131
2444 2494
89 90
2481 2482
2030 2080
2032 2082
204 254
445 446
823 824
2281 2282
1839 1889
1896 1946
1834 1884
353 403
1472 1473
1681 1682
265 266
1237 1287
1759 1760
690 740
1260 1310
101 102
1173 1223
2201 2251
559 609
94 95
2389 2439
2136 2186
1387 1437
496 546
2475 2476
1498 1499
1504 1554
1405 1455
1353 1403
2444 2445
1796 1846
580 630
765 766
1412 1462
2031 2032
1194 1244
390 391
592 593
2034 2084
1218 1268
1684 1734
99 149
1069 1070
908 909
170 171
738 739
1463 1513
1090 1091
1837 1838
1933 1934
1062 1112
96 97
1531 1532
1868 1869
1072 1122
1632 1633
867 868
728 778
540 590
973 1023
359 360
2226 2227
766 767
587 588
2163 2213
2076 2126
1967 1968
2186 2236
665 666
1458 1459
447 448
1975 1976
1351 1401
1558 1608
211 212
2050 2051
824 874
796 797
602 652
923 973
901 951
3 53
278 279
306 307
2015 2016
1291 1292
1637 1638
280 281
1279 1329
881 931
2290 2291
2426 2427
1586 1636
1453 1503
1995 2045
465 466
1275 1325
2055 2105
954 1004
2150 2200
1384 1434
721 771
2186 2187
67 68
293 294
2179 2229
1446 1496
2198 2248
557 558
246 296
1096 1146
198 248
1970 2020
1672 1722
1195 1245
1440 1441
1868 1918
1825 1826
602 603
715 716
1990 1991
74 124
2016 2017
774 824
1393 1443
106 107
1359 1360
112 162
930 931
682 683
393 443
1490 1540
2244 2294
2224 2225
139 140
2063 2113
1736 1737
301 351
906 956
1661 1711
1978 1979
1490 1491
1402 1452
1057 1107
2067 2117
1344 1394
1334 1384
1085 1135
2310 2311
468 469
2081 2131
2016 2066
1563 1613
220 221
1026 1076
2152 2153
1914 1964
1583 1584
1639 1640
1046 1096
617 618
851 901
1757 1807
2127 2177
1280 1281
2008 2009
868 918
9 10
1373 1423
2223 2273
657 658
843 893
1906 1956
1993 1994
42 92
2452 2453
180 181
2151 2201
766 816
820 870
471 472
133 183
2268 2269
1706 1707
1392 1393
2187 2237
144 194
495 496
1521 1571
2332 2382
1076 1126
2432 2482
1986 1987
53 54
1196 1197
2113 2163
159 209
878 879
268 269
1288 1289
2343 2344
1167 1217
1368 1418
2414 2464
537 538
1008 1058
1560 1561
1941 1991
966 1016
822 823
1342 1392
1781 1782
1558 1559
1351 1352
607 657
385 386
812 813
1257 1258
1601 1602
951 952
1258 1308
1314 1315
872 873
1734 1735
424 474
374 375
232 282
2125 2126
374 424
1318 1368
261 311
1846 1847
2267 2317
1031 1081
2169 2170
1023 1024
658 659
24 25
1562 1563
2233 2234
391 392
820 821
2067 2068
1339 1389
161 162
2431 2481
743 744
2256 2306
2421 2471
1007 1057
2379 2380
1700 1701
325 326
70 120
557 607
1597 1598
32 33
2495 2496
1661 1662
743 793
576 626
1587 1637
1906 1907
2107 2157
1274 1324
2181 2231
1563 1564
1712 1762
1177 1227
163 164
1974 2024
660 661
555 605
2111 2112
734 784
2138 2188
1896 1897
1921 1922
1787 1788
210 211
2178 2179
1307 1357
898 948
904 905
2097 2098
1439 1440
448 449
1322 1372
1635 1636
1041 1091
1116 1166
1041 1042
968 969
1158 1159
279 329
781 831
1678 1679
311 361
18 19
971 1021
266 267
912 913
762 763
1064 1065
510 560
1385 1435
2231 2281
765 815
1398 1448
1788 1789
355 405
1493 1543
1598 1648
665 715
1794 1795
2263 2264
2072 2122
756 757
1984 1985
1166 1167
635 685
1361 1362
1330 1331
368 418
1958 1959
168 218
2239 2240
341 342
767 817
692 742
1102 1152
572 622
230 280
487 537
587 637
365 415
1138 1139
1910 1960
1904 1954
941 942
191 192
2407 2408
1301 1351
1246 1296
2377 2378
1430 1480
885 886
452 453
2409 2459
1240 1290
944 945
919 920
2085 2086
1759 1809
1953 1954
2420 2470
1901 1951
1878 1928
124 174
687 737
