2500
2450
182 232
665 715
1522 1523
1228 1229
199 249
2437 2487
1352 1402
1164 1165
2388 2389
2398 2399
236 286
1020 1070
592 593
776 826
1574 1575
55 105
1165 1166
547 548
911 912
302 303
1929 1979
1339 1340
2098 2148
584 634
2492 2493
1179 1229
1833 1883
1692 1693
2405 2455
59 109
1642 1692
1867 1868
1708 1709
1107 1108
2254 2255
1909 1910
930 931
825 875
2380 2430
925 975
2320 2370
1969 2019
872 873
2336 2337
899 949
927 928
1167 1168
415 465
1278 1328
957 958
2201 2251
1744 1794
1782 1783
688 689
1404 1454
1015 1016
1729 1730
14 64
1955 1956
864 914
816 817
166 216
1603 1604
2062 2112
741 791
440 490
644 694
419 420
2348 2398
1882 1883
2093 2143
831 832
641 691
1169 1219
429 479
1888 1889
1644 1694
945 995
589 590
2351 2401
2182 2183
940 941
764 814
1634 1635
1377 1427
521 522
699 749
2309 2310
504 505
1256 1257
27 77
1151 1152
1025 1075
820 870
959 960
1924 1925
1074 1124
1676 1677
878 928
806 807
1011 1061
1675 1676
1313 1314
448 498
2469 2470
1759 1809
1981 2031
1112 1113
477 527
892 942
2174 2175
1329 1379
1934 1984
82 132
989 1039
260 261
2305 2355
326 376
296 346
1130 1131
6 7
2355 2356
970 1020
790 791
1666 1667
2456 2457
317 367
1857 1858
935 936
175 225
1383 1384
1888 1938
1752 1802
1755 1805
1501 1502
1077 1127
1153 1203
1625 1626
578 628
1338 1388
46 47
103 104
350 400
1743 1744
1095 1096
805 806
1725 1726
1842 1892
209 259
1236 1286
1872 1922
1231 1232
728 778
1455 1456
2144 2145
2049 2099
1092 1142
2201 2202
1974 2024
24 74
1381 1382
2231 2281
511 561
253 303
86 87
2328 2329
714 715
369 370
1474 1475
2118 2119
1528 1578
2098 2099
759 760
2342 2392
1731 1732
2088 2138
1285 1335
1463 1513
117 167
1653 1703
189 239
2205 2206
722 723
2131 2132
2386 2387
392 442
655 656
323 373
1103 1104
548 549
172 222
1389 1439
468 518
1239 1240
1247 1248
0 50
1374 1424
1090 1091
835 885
1111 1112
1369 1419
1422 1472
2222 2223
1029 1079
1201 1251
80 130
2240 2241
411 461
2322 2323
1431 1481
1885 1935
466 516
797 798
2046 2047
2124 2125
2071 2072
2044 2045
240 241
1215 1265
1860 1910
2388 2438
2141 2191
273 323
423 473
1645 1695
169 219
47 48
844 845
282 283
242 292
845 895
2296 2346
689 690
1303 1353
1161 1211
1274 1324
206 256
327 377
750 800
1371 1421
2068 2069
90 91
1124 1125
324 374
2150 2151
1435 1436
1749 1799
585 635
2138 2139
1542 1543
425 475
202 252
76 77
32 82
2274 2275
1031 1081
82 83
1539 1540
2337 2387
2124 2174
735 785
1402 1403
2211 2261
1479 1480
1265 1266
1915 1916
2334 2384
752 802
1420 1421
2206 2207
1144 1194
955 956
2371 2372
496 546
258 259
1409 1459
1755 1756
2034 2035
338 388
1368 1418
709 759
2363 2364
1677 1678
1103 1153
1383 1433
2393 2394
826 876
1277 1278
1139 1189
1892 1942
1202 1203
342 343
1289 1339
771 772
108 158
1607 1608
660 710
1043 1093
1356 1406
693 743
161 162
997 1047
928 978
978 979
1470 1471
1702 1752
1155 1156
1940 1941
1591 1641
2236 2237
1635 1636
88 89
1421 1422
1172 1222
1413 1414
2295 2296
157 158
1570 1571
160 161
1504 1505
1475 1525
2473 2474
1981 1982
2267 2268
1837 1838
748 798
334 335
2033 2083
462 463
2343 2344
418 468
1229 1230
1293 1294
1873 1923
525 575
1197 1198
373 374
148 198
1452 1453
948 998
2294 2295
410 460
1822 1823
1041 1091
405 406
152 153
2200 2201
716 766
662 712
1026 1027
1653 1654
536 537
1408 1458
884 885
896 946
1777 1827
854 904
1995 1996
644 645
1596 1646
1101 1151
2147 2148
248 249
1748 1798
1351 1352
2324 2374
1133 1183
2328 2378
815 865
697 698
1267 1268
1990 1991
885 935
777 827
1469 1470
1648 1698
867 868
1917 1967
656 706
117 118
1163 1164
2288 2289
2103 2104
708 709
1246 1296
1026 1076
93 94
1437 1487
1585 1586
1569 1619
1170 1171
332 382
1414 1464
350 351
761 811
2121 2122
1032 1033
583 633
2391 2441
1245 1246
1552 1602
574 575
2417 2418
1844 1845
2283 2333
2218 2268
904 954
1290 1291
1595 1596
7 8
1486 1487
2426 2476
348 398
56 57
828 829
1212 1213
306 307
827 877
2375 2425
565 615
128 178
862 863
1338 1339
1852 1902
569 619
2140 2141
1107 1157
723 773
1487 1488
2038 2039
124 174
2285 2335
1393 1443
1781 1782
2448 2449
2087 2137
844 894
2389 2439
25 26
476 526
2464 2465
528 529
2314 2364
198 248
167 217
254 304
141 191
2326 2327
1063 1113
1640 1690
73 123
1394 1444
1522 1572
2352 2353
1256 1306
1680 1730
1995 2045
1714 1764
1133 1134
1657 1658
1779 1780
1317 1367
2394 2444
2032 2033
671 672
679 680
34 35
2068 2118
957 1007
1552 1553
642 692
259 260
1196 1246
715 716
2414 2415
156 206
1549 1599
90 140
382 432
1609 1659
2044 2094
2445 2495
2091 2092
137 187
978 1028
1137 1187
384 385
1788 1789
2158 2159
2178 2228
2120 2121
2232 2282
638 639
580 630
1477 1527
40 41
2040 2041
1619 1620
905 906
239 240
1684 1734
1973 1974
2079 2129
446 447
77 127
1465 1466
424 474
150 200
2234 2284
757 807
1980 2030
1040 1041
2482 2483
1961 1962
1532 1533
1022 1023
115 165
261 262
1187 1237
2294 2344
668 718
368 369
1005 1006
2042 2043
2097 2098
1751 1801
2195 2196
1025 1026
2129 2130
769 819
1069 1070
336 386
587 588
290 340
1992 2042
386 387
79 80
996 1046
1137 1138
1009 1059
1724 1725
458 459
2083 2084
1217 1218
602 652
1336 1386
1623 1673
1925 1926
2296 2297
1975 2025
67 68
1591 1592
331 381
618 619
1553 1603
796 846
2146 2147
732 733
1230 1231
605 655
242 243
1332 1382
246 247
2009 2059
1183 1184
316 366
2161 2211
1102 1103
543 593
466 467
2057 2058
2385 2435
1840 1890
1722 1772
1533 1534
387 437
1883 1933
1855 1905
198 199
1218 1219
462 512
1005 1055
343 344
517 518
493 543
1570 1620
1118 1119
1007 1057
897 947
1562 1563
778 828
777 778
625 626
1248 1249
1647 1697
600 650
1271 1321
1586 1587
1384 1385
1442 1443
1751 1752
1355 1405
2422 2423
998 999
254 255
1541 1591
673 723
848 898
1938 1988
476 477
1391 1392
1871 1872
1853 1854
1865 1866
832 833
1559 1609
1884 1885
1514 1564
2259 2309
232 282
1870 1920
1519 1569
2329 2330
1608 1609
889 939
1589 1590
556 606
2119 2169
600 601
1457 1507
2391 2392
2300 2301
930 980
733 783
1211 1212
1656 1706
2106 2156
1223 1224
1398 1448
1482 1532
1671 1721
2087 2088
2173 2223
784 785
1834 1884
2177 2227
1783 1833
514 564
397 447
774 775
937 938
2110 2160
1281 1282
116 117
1423 1424
2233 2234
1846 1896
1000 1050
1315 1365
2184 2185
130 131
1471 1472
1424 1474
738 788
23 24
576 626
496 497
558 559
1380 1381
2458 2459
561 562
0 1
1800 1801
696 746
295 296
1872 1873
1643 1693
1786 1787
1478 1528
2005 2006
2120 2170
1750 1751
106 107
1397 1447
1117 1118
952 953
512 513
2371 2421
1265 1315
1892 1893
840 841
1556 1557
1054 1055
1282 1332
1731 1781
2468 2469
974 975
781 782
2215 2265
1380 1430
1713 1714
444 445
576 577
643 693
119 120
300 301
355 405
467 468
2265 2315
2304 2354
692 693
968 1018
2479 2480
951 1001
1463 1464
1496 1497
1968 1969
2183 2233
922 923
585 586
1861 1911
2416 2417
1881 1931
811 861
28 78
42 43
1311 1312
876 877
1812 1813
2078 2128
2358 2408
1122 1123
1678 1679
1660 1661
2121 2171
1283 1284
402 452
1276 1277
2229 2230
308 358
2009 2010
908 958
287 337
1580 1581
1167 1217
485 535
832 882
2379 2380
1161 1162
939 989
2263 2313
1683 1684
84 85
84 134
285 286
1572 1573
973 1023
21 71
38 39
2073 2074
2077 2127
195 245
396 397
719 720
1339 1389
1287 1337
532 533
1714 1715
1889 1890
18 68
2384 2434
2011 2012
500 550
437 438
1681 1682
317 318
758 808
1031 1032
151 201
1715 1716
1679 1680
2372 2422
209 210
214 215
163 164
2316 2366
332 333
1563 1564
1180 1230
557 607
1925 1975
248 298
265 315
1907 1908
1989 1990
81 82
1064 1065
1679 1729
2115 2116
2433 2434
834 884
660 661
2033 2034
1415 1465
1216 1217
747 797
1900 1901
1963 2013
900 950
1531 1532
450 500
53 54
2227 2228
216 217
2368 2369
362 412
1132 1182
1151 1201
544 594
1830 1880
223 273
621 622
1021 1071
1916 1966
2016 2066
2119 2120
983 1033
1683 1733
2070 2120
11 61
824 874
1534 1535
1923 1924
1769 1819
151 152
70 120
1741 1742
475 476
2014 2064
493 494
319 369
1388 1389
364 365
205 255
1145 1146
1814 1864
2125 2126
1605 1655
1758 1759
222 223
2080 2081
2423 2473
2417 2467
1477 1478
1500 1501
372 422
58 59
1554 1555
2317 2367
2281 2331
999 1049
2126 2127
531 581
147 197
1523 1524
2083 2133
2431 2481
368 418
2182 2232
766 767
1065 1115
1449 1499
2136 2137
1775 1776
2228 2229
588 638
479 529
2230 2280
2125 2175
2276 2277
791 841
1880 1881
705 706
2325 2326
1548 1549
989 990
2169 2170
608 609
115 116
2150 2200
1820 1870
469 519
863 913
393 394
1798 1848
1012 1062
2433 2483
949 999
413 414
1912 1913
711 712
1593 1643
2002 2003
2290 2340
495 496
1938 1939
413 463
1794 1844
1879 1929
451 452
517 567
2261 2262
297 298
1953 1954
1615 1616
1742 1743
881 931
1347 1348
2100 2101
2319 2320
746 747
1305 1306
1541 1542
1632 1682
2013 2063
1786 1836
2384 2385
2094 2144
2032 2082
2381 2382
1334 1384
1759 1760
362 363
2443 2444
2242 2292
1166 1167
713 763
128 129
232 233
134 135
1734 1784
1129 1179
2190 2191
1046 1096
371 372
940 990
1336 1337
1808 1858
2127 2128
1967 1968
2410 2460
926 976
35 85
1943 1944
1996 2046
1737 1738
1018 1068
72 122
1864 1865
100 150
1612 1613
1202 1252
64 114
1073 1074
2302 2303
2477 2478
1789 1839
1952 1953
155 156
473 474
1284 1334
111 112
633 634
698 699
1080 1081
552 553
2212 2213
1778 1779
2074 2075
1817 1818
483 484
1003 1053
1850 1851
1304 1354
521 571
963 964
1636 1686
490 491
2051 2052
1017 1018
1200 1250
694 744
1316 1366
2280 2330
2321 2371
17 67
1639 1689
430 431
1013 1014
2382 2432
1838 1839
1819 1820
1072 1073
1169 1170
2045 2095
1155 1205
192 242
1565 1566
2086 2136
1081 1131
1505 1506
758 759
1458 1459
491 541
1325 1326
2096 2097
2031 2081
1670 1671
1741 1791
1663 1713
546 596
2273 2274
1305 1355
1495 1496
1858 1908
1547 1548
133 183
1434 1435
801 851
675 676
1580 1630
137 138
863 864
1196 1197
2494 2495
607 657
2248 2249
1753 1754
1200 1201
1214 1264
950 951
449 499
1646 1696
1960 2010
708 758
331 332
2278 2279
751 752
455 505
900 901
787 788
507 557
1738 1788
1443 1444
1427 1428
477 478
1257 1307
2029 2079
1087 1137
2286 2287
2084 2134
826 827
1747 1748
1750 1800
1372 1373
2254 2304
1106 1156
1878 1928
1897 1898
2284 2334
1447 1497
705 755
302 352
243 293
553 603
1430 1480
2157 2158
931 932
888 889
564 614
2180 2230
2133 2134
407 457
1222 1272
1530 1531
1717 1767
771 821
986 1036
2072 2073
904 905
2307 2357
83 133
508 509
626 676
2172 2222
10 11
562 563
1833 1834
634 635
418 419
1842 1843
16 17
379 429
1345 1395
1158 1159
400 450
1009 1010
31 32
1845 1846
318 319
575 576
846 896
2359 2360
1292 1342
873 923
1237 1287
1956 1957
688 738
21 22
1942 1992
616 617
1346 1347
992 1042
685 686
1807 1857
773 774
1176 1226
1162 1212
621 671
1760 1761
760 761
341 391
2425 2426
34 84
393 443
352 353
160 210
637 687
2123 2173
2192 2193
1494 1495
1192 1242
691 741
2280 2281
1378 1379
1358 1408
1043 1044
1991 2041
346 347
1310 1360
1192 1193
2389 2390
887 888
2167 2217
432 433
2352 2402
1616 1666
1349 1399
66 67
802 852
465 466
906 956
233 283
1771 1772
1350 1400
2195 2245
279 280
939 940
1575 1625
1832 1882
1739 1740
2312 2313
1571 1621
1545 1546
1313 1363
44 94
1282 1283
131 132
806 856
833 834
1074 1075
1458 1508
159 209
1998 1999
1823 1824
1893 1894
1203 1204
1529 1530
2320 2321
14 15
622 672
1034 1084
1700 1701
2275 2276
846 847
2325 2375
1740 1741
489 539
247 297
1086 1087
2042 2092
1824 1825
743 793
37 38
322 323
297 347
934 935
2374 2375
446 496
2181 2182
1057 1107
1641 1691
1976 2026
770 820
1774 1824
1534 1584
2392 2442
847 848
10 60
2074 2124
534 584
810 811
2467 2468
1170 1220
1821 1871
954 955
1628 1678
390 391
487 537
1875 1876
1772 1822
38 88
767 768
2363 2413
1418 1468
482 483
1293 1343
2153 2203
221 271
2004 2005
2107 2108
2058 2059
170 220
1400 1450
818 868
293 294
1456 1457
1930 1980
327 328
861 911
1744 1745
427 477
1535 1585
1209 1210
1255 1256
1160 1161
1098 1099
280 281
1078 1079
744 745
62 112
2113 2163
196 246
1438 1488
280 330
1555 1605
1615 1665
2442 2492
1352 1353
1666 1716
99 149
1407 1457
2233 2283
1121 1122
91 92
761 762
1175 1225
1149 1199
1079 1129
582 632
506 556
563 564
2411 2412
2474 2475
75 76
1926 1927
1096 1146
785 786
1584 1634
1667 1717
1075 1076
2054 2055
1249 1299
1199 1249
2439 2440
1713 1763
745 746
2284 2285
1283 1333
1551 1601
1763 1813
161 211
1813 1814
78 79
726 727
1519 1520
1503 1504
1583 1633
1859 1860
1386 1436
1856 1906
197 247
716 717
1661 1711
2214 2264
1347 1397
648 698
1088 1138
1480 1530
853 903
1229 1279
2483 2484
2162 2212
2332 2333
1685 1686
702 703
581 582
2265 2266
720 770
2304 2305
626 627
320 370
1832 1833
345 395
388 389
2059 2060
610 660
880 881
2308 2309
283 284
588 589
1806 1856
23 73
204 205
2268 2318
903 953
1553 1554
1517 1518
320 321
1634 1684
2368 2418
1669 1719
1676 1726
1207 1257
1410 1411
1222 1223
1711 1761
2428 2478
486 536
1887 1888
1606 1656
1193 1243
214 264
1461 1462
1390 1440
616 666
138 188
1354 1355
1146 1147
2097 2147
2143 2144
735 736
2111 2161
2279 2329
145 195
1814 1815
1446 1447
808 809
814 815
2232 2233
55 56
560 561
534 535
2459 2460
415 416
2013 2014
1693 1743
1848 1898
1558 1608
1733 1734
976 1026
65 115
2423 2424
1951 2001
435 485
834 835
2257 2307
1368 1369
492 542
1028 1078
1012 1013
339 340
603 604
2436 2437
592 642
2038 2088
2326 2376
820 821
991 992
1295 1345
428 429
1490 1491
435 436
2156 2206
608 658
2171 2221
1622 1623
1320 1321
1767 1768
187 188
315 365
1455 1505
1719 1769
1198 1248
1109 1159
50 51
1238 1239
664 665
2140 2190
2354 2404
855 905
1618 1668
1204 1205
1046 1047
367 368
706 756
869 919
1051 1052
838 888
1011 1012
1508 1509
1298 1299
1735 1736
2 3
1478 1479
1613 1663
1476 1477
842 843
1989 2039
1385 1386
1959 2009
426 427
1843 1893
1323 1324
712 713
1752 1753
2159 2209
30 31
2191 2241
1931 1932
2222 2272
1260 1310
628 678
1942 1943
2439 2489
300 350
1417 1467
675 725
1226 1276
1135 1136
582 583
1898 1899
813 814
421 422
1716 1766
309 310
1607 1657
1226 1227
784 834
1443 1493
2259 2260
2390 2440
2223 2273
2104 2105
1097 1098
174 175
2158 2208
1275 1276
1790 1840
2208 2258
1518 1568
2051 2101
1284 1285
13 14
1392 1442
1100 1101
125 126
2211 2212
1941 1942
932 933
1700 1750
1841 1891
2455 2456
125 175
274 275
1687 1688
1902 1952
910 911
69 119
2269 2319
2269 2270
1761 1762
326 327
2196 2246
786 836
1492 1493
1427 1477
934 984
169 170
891 941
913 914
1800 1850
1688 1738
2053 2054
2137 2187
1598 1648
1262 1263
1469 1519
196 197
1129 1130
2282 2283
1934 1935
2225 2275
1310 1311
1919 1920
1002 1052
1773 1774
1120 1170
365 366
1977 1978
1815 1865
1157 1207
2408 2409
2050 2100
1586 1636
1077 1078
2052 2102
885 886
2164 2165
963 1013
1439 1489
1523 1573
1234 1284
2063 2113
1687 1737
87 137
249 299
186 236
461 511
2056 2106
186 187
35 36
1183 1233
447 497
2163 2213
2395 2445
677 678
335 336
852 902
1263 1264
298 348
2457 2458
1728 1778
2357 2358
2141 2142
983 984
290 291
79 129
1667 1668
275 276
974 1024
2148 2198
1754 1755
516 517
7 57
1817 1867
1010 1060
1384 1434
2264 2265
1246 1247
426 476
612 662
1251 1301
1565 1615
1951 1952
1066 1067
1620 1621
1993 1994
416 466
1602 1603
1598 1599
401 451
955 1005
1252 1253
2204 2205
1819 1869
222 272
1275 1325
191 241
709 710
1792 1842
478 479
1979 2029
1148 1198
1836 1886
67 117
1034 1035
814 864
2487 2488
2175 2176
912 913
1440 1490
202 203
2411 2461
1483 1533
797 847
238 239
467 517
347 348
533 534
1295 1296
515 516
1173 1223
2486 2487
518 519
1883 1884
440 441
1211 1261
1070 1120
1827 1828
2035 2036
567 568
1076 1077
2027 2028
1429 1430
763 764
2153 2154
513 514
44 45
785 835
937 987
244 294
578 579
767 817
2251 2301
1710 1711
1064 1114
1387 1437
1371 1372
1254 1255
862 912
2498 2499
2220 2221
2091 2141
629 630
620 621
63 64
2364 2414
1257 1258
296 297
2103 2153
1318 1319
445 495
718 768
2275 2325
625 675
982 1032
1778 1828
2057 2107
1638 1688
76 126
1924 1974
703 753
893 943
75 125
1201 1202
191 192
687 737
39 89
841 842
700 701
420 470
1717 1718
18 19
1441 1491
337 387
1806 1807
459 509
1259 1309
1917 1918
1036 1037
2168 2218
460 461
648 649
168 218
140 190
523 573
2227 2277
967 1017
966 1016
915 965
459 460
2366 2367
1071 1072
1761 1811
2177 2178
376 426
510 560
1465 1515
1459 1509
661 662
1231 1281
1270 1320
2287 2337
801 802
2274 2324
2228 2278
1539 1589
1885 1886
533 583
536 586
2256 2306
1524 1525
1134 1184
1757 1758
154 155
2004 2054
819 869
2245 2246
131 181
2419 2420
126 176
1719 1720
1476 1526
2364 2365
1441 1442
1697 1747
866 916
1434 1484
1963 1964
542 543
1438 1439
524 574
1268 1318
1425 1426
1028 1029
2318 2319
1108 1109
1445 1446
2366 2416
1738 1739
924 974
589 639
8 58
1736 1786
780 781
1722 1723
2159 2160
1905 1955
2404 2405
1587 1588
1937 1987
793 843
1520 1570
2311 2361
1382 1432
1501 1551
943 944
2154 2155
2163 2164
1773 1823
1081 1082
742 792
1763 1764
2290 2291
800 801
1988 2038
2224 2225
1567 1568
1594 1644
831 881
1697 1698
1879 1880
1412 1413
1902 1903
230 280
2335 2336
39 40
552 602
873 874
1556 1606
2410 2411
6 56
1400 1401
2221 2222
366 416
1345 1346
2431 2432
1551 1552
463 464
1910 1911
1125 1175
1288 1289
89 90
2081 2082
482 532
895 945
48 49
1402 1452
1948 1949
976 977
1844 1894
333 334
1965 2015
1606 1607
673 674
1379 1429
1783 1784
994 995
1743 1793
2491 2492
734 784
2360 2410
136 186
1337 1338
453 503
48 98
182 183
1150 1200
631 632
1947 1948
417 418
153 154
1397 1398
2065 2066
676 677
2093 2094
2176 2226
2258 2308
1612 1662
2212 2262
2313 2314
2067 2068
208 209
2021 2022
2203 2204
2128 2129
1030 1080
1696 1697
951 952
1916 1917
1536 1586
723 724
2105 2106
1024 1074
492 493
1125 1126
195 196
1484 1485
1094 1144
717 718
1829 1830
2246 2296
1994 2044
1935 1936
1296 1297
1939 1940
1740 1790
185 186
458 508
2023 2024
638 688
1962 1963
1508 1558
556 557
2276 2326
1168 1218
1401 1451
570 620
1500 1550
1264 1265
2291 2292
1318 1368
334 384
1395 1396
2424 2474
2442 2443
1983 1984
1030 1031
335 385
1997 2047
894 895
613 614
1530 1580
183 184
1117 1167
250 251
1116 1166
2236 2286
1765 1815
1771 1821
917 918
409 410
792 842
879 880
1063 1064
2092 2093
2148 2149
2133 2183
2006 2056
355 356
2019 2020
848 849
1135 1185
1862 1863
2165 2166
736 786
498 548
58 108
1294 1295
565 566
2110 2111
1122 1172
1087 1088
1298 1348
2187 2237
1340 1390
905 955
173 174
860 861
439 440
489 490
272 322
2365 2415
2472 2473
448 449
1409 1410
2039 2040
358 359
1367 1417
1112 1162
691 692
1244 1294
2190 2240
1526 1527
2281 2282
1462 1463
256 257
1757 1807
1855 1856
1770 1820
2412 2413
586 587
1705 1706
1428 1478
1147 1197
1115 1165
721 771
938 988
1118 1168
1721 1771
1914 1964
579 580
1840 1841
914 915
1823 1873
159 160
1362 1412
674 675
1144 1145
240 290
360 410
57 107
1235 1236
1799 1849
1258 1259
2444 2445
2081 2131
292 293
1600 1650
2002 2052
523 524
1321 1371
1542 1592
730 731
2413 2414
671 721
503 553
1186 1187
1550 1551
670 720
1593 1594
475 525
1291 1341
997 998
1425 1475
1147 1148
1131 1181
1157 1158
931 981
1390 1391
1945 1946
693 694
2399 2449
501 551
2037 2038
2003 2004
1142 1143
677 727
1642 1643
1354 1404
1432 1433
1665 1666
15 16
1518 1519
1908 1909
1655 1705
1669 1670
2073 2123
2260 2261
1764 1765
524 525
724 774
1186 1236
925 926
1247 1297
1121 1171
1782 1832
2376 2377
53 103
540 590
1156 1206
839 889
2129 2179
2048 2098
1692 1742
1503 1553
772 822
563 613
223 224
871 872
127 128
1764 1814
961 962
2420 2470
1373 1374
907 908
113 163
2220 2270
773 823
227 228
787 837
958 1008
923 973
1068 1118
2011 2061
2237 2238
1590 1640
663 664
752 753
2152 2153
2387 2437
813 863
1693 1694
515 565
703 704
628 629
377 378
985 1035
2253 2254
1208 1209
2173 2174
1442 1492
1578 1579
1189 1190
2292 2293
2064 2065
488 538
2197 2198
1497 1498
1991 1992
1903 1904
711 761
394 395
1177 1178
2345 2346
404 405
43 44
1703 1704
357 358
1489 1490
1868 1918
1357 1407
2108 2158
2306 2356
1990 2040
1576 1626
2344 2345
1627 1677
325 375
1968 2018
959 1009
2082 2083
298 299
2126 2176
1937 1938
1531 1581
1860 1861
1904 1954
1595 1645
2301 2302
366 367
1601 1602
306 356
2112 2162
719 769
1982 2032
891 892
812 862
520 521
2018 2068
609 610
1395 1445
171 221
995 996
858 859
2055 2056
402 403
666 716
1408 1409
2027 2077
363 364
180 181
73 74
682 683
2099 2149
1362 1363
2432 2482
273 274
538 588
1987 1988
1365 1366
2373 2423
13 63
208 258
727 777
2168 2169
1566 1567
237 287
654 704
284 334
1159 1160
1250 1251
890 940
1889 1939
803 853
2318 2368
250 300
1356 1357
1546 1596
877 878
1579 1629
2306 2307
1179 1180
1918 1968
1874 1924
502 552
1324 1374
179 229
1946 1996
852 853
2122 2172
1204 1254
2181 2231
1308 1358
596 597
1123 1124
1809 1810
1471 1521
1967 2017
221 222
590 640
2350 2400
1686 1736
903 904
71 72
1854 1904
479 480
2132 2182
1219 1220
138 139
749 799
948 949
2026 2076
1023 1024
1673 1674
618 668
43 93
1484 1534
403 453
408 409
1633 1683
114 164
2409 2410
12 13
1970 1971
2114 2115
1770 1771
158 159
1706 1756
944 945
2109 2110
2289 2290
1546 1547
780 830
713 714
1480 1481
1174 1175
2466 2467
2155 2205
2402 2403
1244 1245
1857 1907
2166 2216
857 907
225 275
2372 2373
764 765
91 141
110 111
861 862
427 428
1106 1107
2109 2159
1572 1622
1277 1327
917 967
1091 1092
388 438
529 530
2331 2332
176 226
495 545
264 265
2463 2464
1654 1704
2086 2087
979 980
992 993
1550 1600
763 813
1662 1712
1597 1598
312 313
2496 2497
755 756
1589 1639
591 641
1232 1282
78 128
2362 2412
445 446
301 351
781 831
192 193
50 100
1854 1855
1756 1757
1042 1043
215 265
2020 2021
142 192
376 377
1694 1744
950 1000
2102 2103
590 591
1111 1161
1008 1009
1329 1330
2420 2421
825 826
2395 2396
1162 1163
1911 1912
1233 1234
572 622
328 378
1846 1847
684 734
1831 1881
69 70
865 915
61 62
1776 1826
1932 1982
676 726
1516 1566
59 60
2475 2476
2462 2463
1016 1017
1333 1334
2194 2195
281 282
289 339
2088 2089
2113 2114
1776 1777
1708 1758
2036 2086
2272 2322
1920 1970
304 305
2019 2069
2170 2171
975 1025
277 278
1240 1241
1682 1683
1936 1937
680 730
1621 1671
1630 1680
1802 1803
1297 1347
2339 2340
3 4
1677 1727
52 102
1498 1499
2112 2113
2085 2135
141 142
1306 1307
1126 1176
870 920
1675 1725
2191 2192
2427 2428
416 417
887 937
1730 1731
60 61
1568 1618
1803 1853
1269 1319
203 253
1304 1305
560 610
2054 2104
1447 1448
1935 1985
2143 2193
139 140
1193 1194
453 454
1243 1293
1986 1987
1315 1316
105 155
1895 1945
1325 1375
1363 1364
2430 2480
436 437
2398 2448
380 381
1865 1915
2426 2427
1726 1727
1059 1109
896 897
2403 2453
2450 2451
36 86
1462 1512
130 180
1909 1959
1460 1461
483 533
920 921
1564 1614
726 776
1957 2007
518 568
265 266
2333 2383
2250 2251
2080 2130
2421 2471
1762 1812
1525 1526
2315 2316
2446 2447
2092 2142
1804 1854
1890 1891
2308 2358
1067 1117
1095 1145
2490 2491
921 922
2287 2288
228 278
2241 2242
537 538
568 618
2111 2112
177 227
2130 2180
88 138
2493 2494
193 243
104 154
1659 1660
1707 1708
2018 2019
367 417
1090 1140
1439 1440
1004 1054
522 572
1629 1679
2252 2253
1314 1364
1901 1902
1437 1438
1488 1489
1062 1112
1520 1521
2101 2151
679 729
1955 2005
1205 1255
2135 2185
2185 2186
2035 2085
2000 2050
1830 1831
