2500
1225
342 343
509 510
1045 1046
2225 2275
146 196
1342 1392
778 779
1547 1548
935 985
380 381
2079 2080
551 552
2098 2148
1694 1695
2239 2289
1233 1234
1768 1818
1121 1171
2479 2480
2163 2213
992 1042
1621 1622
2101 2151
1896 1946
83 133
38 88
1861 1911
1009 1010
966 967
1446 1496
1985 1986
775 776
1535 1536
161 211
592 642
714 764
1591 1641
1277 1278
724 725
2297 2347
2081 2082
2488 2489
1004 1005
2208 2258
1397 1398
53 54
1065 1115
2099 2149
414 464
1374 1424
306 307
1624 1625
1749 1799
1067 1117
1355 1356
1866 1916
545 595
183 233
1687 1688
1122 1123
10 60
95 145
1179 1229
1163 1164
1636 1637
1464 1465
326 327
471 521
1760 1761
1672 1722
348 349
939 940
1894 1895
559 560
2164 2214
2033 2083
968 1018
164 165
2262 2312
927 928
348 398
2124 2174
2298 2299
580 581
367 368
981 982
1887 1937
706 756
1276 1277
1223 1224
1483 1533
1528 1578
1632 1682
677 678
401 402
117 118
1396 1446
475 476
1775 1776
1146 1196
1492 1542
1171 1221
1029 1079
844 894
1543 1593
296 346
2304 2354
2054 2055
882 883
2092 2142
1568 1569
2251 2301
180 181
1724 1725
1026 1076
454 455
1032 1082
699 749
1022 1072
652 653
929 979
2219 2269
888 938
451 501
1180 1181
990 1040
4 5
774 775
1438 1439
487 488
777 827
1977 1978
2301 2351
2043 2044
694 695
2359 2360
300 301
2179 2229
925 926
2465 2466
1729 1730
2280 2330
67 117
1350 1400
1057 1058
833 883
887 888
2061 2062
1654 1704
246 247
558 608
1802 1803
1812 1862
703 753
2232 2233
1770 1771
1113 1114
900 950
846 896
1167 1168
149 199
2032 2082
1889 1890
661 662
2400 2401
514 564
1783 1833
104 154
278 279
760 761
2100 2101
1720 1721
520 570
1824 1874
502 503
1302 1303
1774 1775
988 989
540 590
256 306
1365 1366
322 323
398 399
1402 1403
1100 1150
537 538
2312 2362
1772 1773
2173 2174
26 76
1161 1211
442 443
1060 1061
161 162
1674 1675
1805 1855
654 655
2162 2212
1791 1792
361 411
2132 2182
2234 2284
1581 1631
280 330
1220 1221
1239 1289
141 142
823 873
1503 1504
832 833
707 708
1089 1139
1310 1311
517 567
2353 2403
2383 2433
1173 1223
1418 1419
499 549
569 570
1782 1832
477 478
955 1005
2166 2167
1573 1623
1224 1225
1508 1509
416 466
1776 1826
2206 2256
1223 1273
1623 1673
1897 1947
1076 1126
44 45
50 51
446 447
1096 1097
793 843
1532 1533
547 548
382 383
324 374
302 303
112 113
563 613
1465 1466
1553 1554
190 191
1886 1887
1718 1768
338 388
663 664
2233 2234
791 841
1837 1838
1065 1066
822 872
1714 1764
2134 2184
171 172
1498 1548
2040 2090
430 431
369 370
1140 1141
490 540
58 108
614 615
273 323
965 1015
126 176
271 321
2416 2417
1504 1505
90 91
2005 2006
1384 1434
801 851
517 518
1864 1914
1931 1932
1945 1946
310 360
1461 1462
384 385
1148 1198
648 649
441 491
944 945
638 639
926 976
1370 1420
1716 1766
1226 1227
2058 2108
370 420
2029 2079
1124 1125
29 79
1368 1418
600 650
539 540
859 860
2016 2066
331 381
1578 1579
2327 2377
2193 2243
1356 1357
1695 1696
921 971
1994 1995
195 245
1955 1956
2038 2039
36 86
963 964
245 295
447 497
807 808
285 335
1661 1662
2203 2204
69 70
2097 2098
1957 1958
725 726
1563 1613
637 638
769 770
313 363
1693 1743
1407 1457
2140 2190
252 253
1833 1834
743 793
1658 1659
2011 2061
560 610
936 986
438 439
821 871
2441 2442
1786 1836
2018 2019
1237 1287
2360 2361
368 418
999 1049
1951 2001
1704 1754
1513 1563
220 221
1402 1452
729 730
482 532
1230 1280
1264 1314
21 71
1327 1377
355 405
825 826
57 58
970 1020
2273 2274
2078 2079
2039 2089
1339 1340
151 201
2170 2220
1985 2035
512 562
650 700
1539 1540
747 797
1082 1083
879 929
1783 1784
2394 2395
681 682
2066 2116
843 893
2240 2290
1529 1530
243 293
241 291
940 941
20 21
1316 1366
1684 1734
1418 1468
400 450
2158 2208
1013 1014
1553 1603
1814 1864
473 523
1539 1589
2182 2183
1860 1861
801 802
2001 2051
130 180
1158 1208
2206 2207
483 484
636 686
467 517
1378 1428
2256 2306
1234 1284
1753 1803
1085 1086
1563 1564
2356 2406
722 723
879 880
1252 1302
951 1001
718 768
1535 1585
309 359
1280 1330
266 267
409 459
91 92
1584 1634
2047 2048
1681 1682
184 234
903 953
505 506
1225 1275
1801 1802
1765 1815
1216 1217
731 781
1712 1762
1810 1860
1282 1283
856 906
620 670
1207 1208
1833 1883
2368 2369
1474 1475
1987 1988
1940 1990
333 334
1511 1512
1845 1846
1195 1196
1130 1180
1997 1998
216 266
889 890
533 583
507 557
1136 1137
1254 1255
85 135
1675 1725
1162 1212
1152 1202
552 553
1043 1044
1776 1777
1478 1528
1908 1958
592 593
2098 2099
402 403
1355 1405
1871 1921
2272 2273
2384 2385
852 853
1519 1520
2426 2476
1969 2019
1554 1555
994 995
545 546
1960 2010
2164 2165
1218 1268
1963 1964
1613 1614
2331 2381
15 16
383 384
766 816
887 937
2023 2024
626 676
2415 2416
1194 1244
1361 1411
1007 1057
1475 1525
635 685
1938 1939
1674 1724
1425 1475
758 808
1243 1244
2476 2477
454 504
1247 1297
1203 1253
1360 1361
2163 2164
2263 2264
997 1047
1827 1877
943 993
2387 2437
2220 2270
1855 1905
1800 1850
509 559
2015 2065
156 157
654 704
1915 1965
440 490
910 960
2315 2316
683 684
1366 1416
624 674
1044 1045
601 602
1774 1824
945 995
529 530
1735 1736
664 714
675 676
1481 1531
479 529
873 874
657 707
861 862
2127 2128
1853 1903
1188 1238
1708 1709
1859 1860
1540 1541
1362 1412
1232 1282
359 360
2091 2092
973 1023
2120 2170
2195 2245
2008 2009
2407 2408
385 435
1638 1688
236 237
1364 1365
1937 1938
1569 1570
1357 1407
1270 1320
1143 1144
71 72
1422 1472
2205 2206
2232 2282
2013 2063
896 946
1767 1817
527 528
1343 1344
1597 1647
1454 1455
469 519
1046 1096
2472 2473
2425 2475
1625 1626
2412 2462
1354 1404
1448 1498
1941 1991
81 82
705 755
222 272
394 395
1157 1207
2198 2248
1991 1992
2093 2094
2011 2012
88 138
1385 1386
443 493
318 319
329 330
1683 1684
720 721
632 633
529 579
1612 1662
441 442
525 526
1421 1422
1434 1435
224 225
617 667
1676 1726
1340 1341
602 652
1867 1868
1872 1873
1131 1132
64 114
1954 2004
386 436
949 999
343 393
1952 2002
83 84
1052 1053
429 430
2153 2203
955 956
2178 2179
1285 1335
1531 1532
1884 1934
467 468
2425 2426
1245 1246
1415 1465
820 870
1924 1925
1787 1837
1720 1770
1936 1937
1540 1590
1521 1522
110 111
995 1045
182 232
1500 1501
193 194
953 1003
1338 1388
1594 1644
1893 1943
1247 1248
984 1034
1347 1397
1536 1537
2264 2265
580 630
1964 2014
123 173
1984 1985
129 179
2076 2077
2067 2117
81 131
318 368
1429 1430
2332 2333
2429 2479
626 627
2225 2226
1588 1589
839 840
2171 2221
1573 1574
1076 1077
1637 1687
717 718
571 572
813 863
1937 1987
1913 1914
769 819
2087 2137
1663 1713
1870 1920
1203 1204
295 345
2370 2420
1296 1297
2408 2458
453 503
445 446
1055 1056
983 1033
605 655
2194 2195
1731 1781
222 223
455 456
718 719
2270 2271
288 338
2213 2263
2289 2339
292 293
2112 2162
1580 1630
1634 1684
1301 1302
1877 1927
419 420
148 198
2044 2094
1002 1052
1396 1397
1240 1290
70 120
701 751
1186 1236
2341 2342
31 81
1596 1597
1793 1843
1000 1050
2219 2220
560 561
1852 1853
2441 2491
883 884
205 206
1298 1348
390 440
2288 2289
726 727
1834 1835
1238 1288
522 523
2117 2167
671 721
474 475
1166 1216
942 992
1432 1482
1444 1445
1979 1980
162 163
516 517
1359 1409
1784 1785
1577 1627
426 476
2042 2092
60 110
1479 1529
719 720
2296 2297
6 7
869 870
1793 1794
1092 1093
2112 2113
1050 1051
2246 2296
173 174
311 361
2355 2356
2224 2274
828 829
1670 1671
177 178
1305 1355
732 782
1346 1396
1557 1558
663 713
2390 2391
787 837
1173 1174
596 597
1683 1733
1399 1449
469 470
1874 1875
243 244
228 278
2330 2331
425 475
231 281
2231 2232
878 928
362 363
1893 1894
1175 1176
2045 2046
479 480
550 600
503 504
1579 1629
1386 1436
575 625
371 372
1389 1390
1416 1466
734 735
1181 1182
1777 1827
2387 2388
1797 1847
1471 1472
168 218
1933 1983
2382 2432
428 478
2353 2354
385 386
1568 1618
152 153
543 593
1189 1239
338 339
2130 2131
172 222
507 508
666 716
2303 2353
2063 2113
437 487
280 281
1454 1504
2302 2303
7 8
1128 1178
1167 1217
1101 1151
1306 1356
1038 1088
2274 2275
680 681
1350 1351
819 869
2309 2359
584 585
1337 1338
976 977
92 142
1607 1608
1155 1156
244 245
1283 1284
1895 1945
2122 2123
1266 1316
1958 1959
898 948
2061 2111
2277 2278
1899 1949
869 919
58 59
891 892
1691 1741
1815 1865
1986 1987
1939 1940
985 986
284 285
1176 1177
2388 2389
2458 2459
330 380
2250 2300
1187 1188
1692 1693
270 320
109 110
1959 1960
1881 1882
1387 1437
2318 2319
178 179
2269 2319
2201 2202
1518 1519
1326 1376
671 672
1231 1232
2374 2424
822 823
568 618
1297 1347
1341 1342
1610 1660
1883 1884
1412 1413
43 93
2187 2237
2146 2196
1472 1473
742 792
2348 2349
853 854
1936 1986
2375 2425
1741 1742
51 52
1446 1447
1332 1382
1863 1864
497 498
1883 1933
2470 2471
1272 1322
845 895
491 492
2111 2161
1183 1184
1566 1616
1165 1215
2350 2400
606 656
1171 1172
1821 1822
226 227
883 933
1278 1279
1304 1354
897 898
1060 1110
212 213
1575 1625
74 124
424 425
453 454
1955 2005
2365 2366
133 183
693 694
1139 1140
1193 1243
2048 2049
911 961
260 310
1070 1071
175 225
504 505
1253 1254
2115 2116
238 288
1765 1766
783 784
1797 1798
519 569
1551 1601
231 232
1723 1773
2223 2224
2218 2268
2073 2074
510 511
1424 1425
617 618
410 411
1948 1998
2037 2087
1010 1011
692 693
1278 1328
19 69
656 657
68 118
1366 1367
191 241
1995 1996
1163 1213
1526 1576
2255 2305
2448 2498
2428 2478
1565 1615
1525 1575
1905 1906
73 123
557 607
862 863
2168 2169
1063 1113
1356 1406
219 220
316 317
1122 1172
2253 2303
2007 2008
717 767
916 966
72 122
956 957
1907 1957
337 387
1084 1085
1324 1325
1586 1587
1634 1635
1757 1807
781 782
2455 2456
2039 2040
908 909
61 62
2432 2482
2221 2271
635 636
122 123
393 443
1610 1611
524 574
1501 1502
1640 1690
1176 1226
203 253
1730 1731
1951 1952
1588 1638
1858 1859
2028 2029
1518 1568
2086 2087
116 166
971 1021
116 117
584 634
2152 2202
521 571
1681 1731
1836 1886
1744 1794
1779 1829
433 483
1754 1755
235 236
4 54
2222 2272
25 26
2335 2336
688 738
2082 2083
252 302
464 465
2277 2327
789 839
2095 2145
2261 2311
1463 1513
751 801
1601 1602
2207 2208
2025 2075
2478 2479
906 956
2131 2181
856 857
1576 1577
1281 1331
379 380
1555 1556
1348 1398
1225 1226
484 485
1177 1227
1084 1134
2409 2410
354 355
1292 1293
1631 1632
1543 1544
2113 2114
1962 1963
187 237
1843 1844
45 46
1703 1753
986 987
789 790
1803 1804
1659 1660
1847 1848
683 733
339 389
1919 1969
761 811
549 599
825 875
487 537
128 129
1430 1431
2496 2497
1394 1444
466 516
423 424
882 932
1897 1898
1069 1070
315 316
1390 1391
2272 2322
2367 2417
1959 2009
2007 2057
583 633
941 942
1317 1318
961 962
472 522
210 211
1313 1314
144 194
169 219
1806 1807
132 182
1495 1545
1839 1889
2109 2159
2096 2146
378 428
2024 2074
1144 1145
687 688
1844 1845
1013 1063
704 754
2078 2128
2094 2144
2053 2054
2180 2230
670 671
2348 2398
1005 1055
1071 1121
1885 1935
1239 1240
712 713
1604 1605
5 6
482 483
864 914
1665 1715
322 372
1086 1087
1304 1305
411 412
668 669
1422 1423
1221 1222
2003 2004
291 292
1368 1369
1249 1299
2022 2023
1279 1329
1657 1707
809 810
1974 2024
1160 1210
1482 1532
363 364
2172 2173
87 137
1066 1067
2307 2308
172 173
1426 1427
1398 1448
1533 1583
892 893
1712 1713
2406 2407
1772 1822
1730 1780
409 410
740 741
909 959
1283 1333
1457 1507
684 685
470 471
1668 1718
2183 2184
1316 1317
1251 1252
1095 1145
1061 1111
485 535
1969 1970
1755 1756
1317 1367
347 397
1265 1315
1627 1677
2128 2178
398 448
1756 1806
48 49
1891 1892
2064 2065
2379 2429
681 731
302 352
1228 1278
2133 2134
1346 1347
1666 1667
488 489
1344 1394
1440 1490
2245 2295
1771 1821
1341 1391
304 354
1742 1743
1818 1868
2143 2193
